R
0.484375
4.21124
0.655289
0.603841
13.0715
1.5009
0.48101
0.60502
0.466273
2.24224
1.67115
0.571668
0.779987
0.850493
0.433
1.65049
2.07056
10.9638
0.477855
0.874214
0.423475
0.306761
0.748423
0.886918
3.74433
0.999583
1.31912
0.884968
0.98698
1.51893
1.90184
3.35052
0.762228
0.477668
0.584998
8.42607
0.605846
0.595068
2.49552
1.99612
0.383364
0.973823
1.33795
0.760058
0.555541
0.736517
0.939419
4.15137
0.740434
1.18811
3.37117
2.30334
0.450081
0.653705
1.50495
1.46306
0.863898
0.854477
0.853009
2.29474
0.904919
0.300726
0.773211
0.683133
0.277373
1.06204
6.12509
0.678321
0.368539
0.190398
0.852129
0.514069
0.782394
0.239149
0.889699
6.81811
0.609086
0.557296
2.67662
0.228332
2.09888
0.650291
0.551636
4.00909
1.70591
0.911711
0.642276
2.9124
0.51319
0.846186
1.13783
0.98105
0.640504
0.679545
1.18351
0.838767
2.74584
1.55759
0.794256
0.799396
0.822487
0.599337
8.33715
0.175676
1.72571
0.810291
2.60839
2.72282
0.426543
1.72397
0.37011
0.960259
1.17109
1.35247
0.415349
0.812662
1.58356
2.15334
1.20404
1.55981
10.3153
1.62743
0.510046
0.630896
4.20465
0.927558
0.542253
0.715648
0.663394
0.478361
2.99839
0.271019
1.65565
0.431977
2.10846
0.808597
0.169647
0.345191
0.777698
0.357894
0.774353
0.542248
0.690121
0.86906
0.8596
0.534966
0.867604
0.692676
0.578487
0.634283
4.00619
2.48293
1.13876
0.329176
1.09224
0.801466
0.466596
0.851958
0.553283
2.55651
1.30514
0.541766
0.683332
2.81028
0.554242
1.67023
1.6399
0.452126
0.590634
0.56487
2.18631
3.99709
5.57999
0.918846
0.957517
0.615907
1.11558
1.59147
0.685442
1.36944
0.31798
0.303316
0.871349
0.857962
0.628226
0.517856
0.973283
2.35057
0.550338
0.284194
1.03555
0.906514
0.897144
1.59957
2.69116
2.15418
0.665453
0.91133
1.73301
0.851188
0.783943
5.76739
0.91345
0.95519
0.634938
0.997741
0.880152
0.534895
1.33961
1.03592
0.877587
0.31069
0.834638
0.821553
0.316694
4.75972
0.671382
0.750308
0.367284
0.897632
3.88035
0.677244
0.54727
0.831513
1.50276
1.13034
0.808738
0.805272
0.624722
0.584658
0.849053
0.556896
1.1358
0.883217
0.67829
2.01009
2.79793
0.394517
3.01124
2.99276
3.02891
1.5224
0.966236
0.615011
0.496821
0.874087
1.03107
0.545628
0.154018
0.633728
10.4004
2.16822
1.42613
0.60098
1.50177
1.59491
0.718653
2.49402
1.92448
0.84165
2.26844
0.423683
0.849265
1.66918
1.99265
2.42307
0.701842
5.86815
2.03712
0.273613
1.30426
1.48437
0.688798
0.434143
2.10981
1.7647
4.00542
1.07172
5.64941
0.507169
0.886141
0.895556
0.9894
0.137305
0.916482
9.33652
0.668179
4.21631
3.8268
0.749876
0.983402
0.466227
11.7649
0.69926
0.359471
1.85666
0.527369
0.854236
1.08339
0.509586
0.62055
0.290409
0.514504
0.433113
0.255414
1.70977
0.169597
3.9972
0.333696
0.579132
1.77939
0.867106
0.923769
2.53414
0.676563
0.957685
0.394676
0.700597
0.944616
0.463345
0.388066
0.856697
0.32799
0.996034
4.01119
0.773901
1.10995
11.5656
1.16281
0.807335
1.42215
0.792226
0.494471
0.74016
0.77752
2.49296
0.371926
0.539004
0.413138
0.442492
0.699211
0.818325
2.73497
1.36414
1.32572
0.504714
0.348867
1.65061
2.70743
0.501893
0.372999
0.339525
0.786193
0.509178
0.335074
1.24131
2.70526
0.344205
2.17267
0.445107
2.52185
0.847774
0.608623
2.08511
0.644699
0.628204
0.410679
3.99987
0.939114
0.676044
0.7181
0.175882
3.01517
1.31597
0.991397
2.01211
1.29155
0.369583
0.647741
4.00661
0.821806
1.46994
2.82006
0.665854
1.12924
0.946082
1.65767
1.32452
0.596276
0.941877
1.73459
2.70213
0.62727
0.087673
0.581098
0.97805
0.84678
2.06088
0.552991
0.497243
1.10609
1.21848
1.4613
2.09962
4.0147
1.49513
0.790642
0.372731
0.374895
0.581695
0.347259
0.508348
0.90478
0.491895
0.658352
2.18414
0.106072
0.541384
0.587636
1.54428
0.630327
0.991039
0.529824
0.339358
0.36702
0.843157
0.906841
2.46368
0.464
2.51603
0.975425
1.82021
0.880717
1.73151
0.995243
0.306607
0.705004
1.72594
0.728439
0.845133
0.46236
0.179987
0.43676
0.326251
0.855886
0.292042
4.01408
6.86121
1.95632
0.982411
0.89847
0.402807
2.42702
1.85291
1.28915
0.991318
0.916113
0.973916
0.634319
0.965457
0.399062
1.80616
0.693535
0.899273
0.947644
4.12113
7.24486
0.958976
1.69498
0.35714
0.455658
0.876078
0.841464
0.711937
1.15844
1.02867
2.56874
0.345975
1.24236
0.829586
0.708452
0.819654
0.72945
0.628801
0.815428
0.159286
2.87593
0.993937
2.62993
2.72374
0.938943
0.269402
0.675594
0.988428
2.15946
1.34034
0.698098
0.125421
15.3299
0.990884
2.41911
3.23497
0.945071
9.56842
1.47447
0.946913
0.688449
6.28417
0.248142
2.57162
0.653248
0.47759
0.631578
0.64289
0.649741
0.597528
0.30069
1.71319
0.510301
0.86172
1.03688
0.920173
0.799541
0.769074
0.979932
0.775512
1.62718
0.375789
1.98434
9.16518
3.06906
0.71076
0.696959
2.45408
0.838981
0.742171
0.558057
0.639172
0.385139
0.935258
0.545351
1.43547
1.28436
1.58336
0.997474
2.73865
0.988904
1.20676
0.831309
2.57054
4.00281
0.258994
0.59337
3.07888
0.454196
2.40659
2.47195
1.81484
2.64642
1.8288
1.39165
1.37557
0.559893
0.970625
0.980799
1.85073
0.299088
0.423339
0.487669
2.52643
1.41258
0.948904
1.27905
0.756037
0.965425
0.976967
1.06263
0.534791
0.562666
1.66328
0.687422
0.865431
0.619489
1.09152
0.412434
0.632082
0.113438
1.08124
0.980313
0.817321
1.43708
0.896151
0.840731
0.55888
0.539678
0.497969
0.543998
0.779062
0.729974
2.06032
0.886056
13.9266
0.299516
0.608999
0.995872
1.33514
0.521696
2.44127
1.00784
0.732026
0.880613
1.05866
1.65703
0.733837
0.935541
1.82217
0.879877
1.31677
0.916176
0.458276
0.882018
0.383664
0.904007
0.594391
1.39653
0.798519
0.417003
0.513259
0.313101
0.994308
0.486239
1.7235
1.07708
1.61647
0.880008
0.561503
0.44863
0.741404
0.87037
0.978395
0.678698
1.1656
0.253246
0.617211
0.780623
0.20376
0.693339
1.99067
0.441731
2.75325
0.820339
0.984401
0.46637
1.03707
0.999851
2.51486
0.535332
0.990037
0.222962
0.476155
0.413364
3.42915
0.486314
0.65345
0.73225
0.434334
2.19129
3.34789
1.67199
0.986327
3.3512
3.37283
1.66728
0.634984
0.376925
0.126278
2.55037
2.73168
0.64393
0.509678
0.547457
0.74382
0.713693
0.193492
4.01548
0.357828
0.306236
0.417084
2.11563
2.90207
4.00157
1.28972
0.805702
0.132529
1.37304
0.690184
1.74235
0.713987
10.4175
0.676595
0.376024
0.987015
0.670732
0.716904
0.945279
0.170138
0.970685
1.71006
2.04639
2.14556
0.865996
0.606711
0.885033
0.671184
0.974398
0.592364
0.73354
0.993582
0.81937
4.01587
0.7492
0.803295
0.594522
0.189777
3.03526
0.106978
0.916184
0.716039
0.963251
0.62844
0.248316
1.48559
0.488042
0.834537
1.89317
0.536538
1.13025
2.89503
0.618386
0.880666
1.84723
0.606121
0.757541
0.681377
0.891744
2.78087
0.785189
0.657184
0.311167
3.45617
1.31598
0.997595
1.79387
1.25519
1.05714
1.35811
1.33086
0.814197
0.767111
0.456109
0.994285
4.01518
2.58645
0.773505
0.879285
1.51322
1.37045
2.79142
0.290885
0.931964
0.60512
0.825317
0.754647
5.21402
2.36156
0.773279
0.730008
0.876825
0.409094
0.95102
1.98349
0.471771
0.819297
0.544648
0.510817
0.705662
0.908439
13.1055
0.962039
1.38892
0.510087
0.540433
1.16248
4.01293
0.888246
0.432789
0.77974
1.88496
0.796976
1.01519
2.27964
0.372204
1.71325
1.67545
1.79032
0.172378
0.925767
0.809379
0.850344
0.890498
0.841101
2.5011
0.734552
0.868443
0.945829
0.859162
0.229008
1.90865
0.920082
0.378978
0.79446
1.59525
0.65454
0.286567
0.371719
0.762336
0.630865
0.248407
3.17369
2.29804
1.67727
0.394593
2.53794
4.66014
0.326022
0.453525
0.776542
0.830848
2.41636
0.611847
0.731359
0.849644
0.6993
0.360392
0.715254
0.876662
1.13986
0.888528
7.07073
0.563202
0.764001
0.721199
0.7522
1.0699
0.361684
0.839418
0.962596
0.748881
2.45665
3.12185
0.457122
0.962565
0.750298
0.983505
4.78358
0.526184
2.65662
4.00867
2.69409
1.79784
0.589831
0.621516
0.475717
0.418174
0.7629
0.91266
0.741239
1.35711
0.974902
1.54604
0.769829
0.661189
3.00392
1.09776
1.32237
1.15675
0.885904
1.77267
0.993337
0.827965
3.7376
0.204326
0.947211
0.992374
0.413257
0.914703
0.38479
1.35287
2.58511
0.982343
3.01976
0.263153
6.31511
0.960343
0.773336
0.831767
0.764938
0.883841
1.5228
0.479021
0.283486
0.551747
0.675382
1.50393
0.79136
0.886248
0.992239
2.88973
0.576491
0.682114
0.225525
0.87892
0.700323
0.505447
0.971583
0.430342
0.932878
0.823849
1.75646
1.12442
1.90073
0.581367
0.248505
0.631222
0.939218
0.57054
0.343767
0.806034
1.85917
6.88253
0.641767
0.700056
0.948082
1.54006
1.13702
0.553772
0.914361
1.38045
0.622564
3.15553
1.13135
1.50628
2.29533
0.382121
2.68807
0.394479
0.983797
0.632469
0.83458
10.7901
4.93495
0.61742
0.267484
0.449567
0.983551
2.70221
1.46578
0.491877
0.534197
0.972569
2.63377
0.639421
0.544318
0.856254
0.982803
0.572911
1.9035
0.41741
0.732944
0.79153
0.727853
0.838123
0.99635
0.50937
0.872989
0.613996
3.99996
0.917851
10.4824
1.33912
0.955506
0.604628
0.661964
0.953879
0.997558
0.937085
1.37734
0.418138
1.78313
0.213183
0.675738
0.664853
1.98979
0.815552
2.16302
0.655324
0.764407
0.53764
0.531241
0.611772
0.537763
0.881606
1.64817
1.97917
0.312065
0.459835
0.902347
0.576102
1.03842
0.546639
1.4557
0.0987826
5.26302
4.98659
0.585358
0.591154
2.3838
6.27606
1.07245
1.54993
2.8983
0.824613
0.414313
0.857876
1.27085
0.862849
0.33936
4.00537
11.8194
0.214977
0.819604
0.486936
0.748461
2.01208
2.38589
0.732079
0.752663
1.78952
1.04934
0.994383
0.632499
1.732
9.48026
0.7039
0.293871
3.00342
0.556537
0.996342
0.481329
1.39489
4.00521
0.996509
1.28139
0.929936
3.06983
0.381374
2.92808
0.529186
0.765225
0.301598
2.10624
2.44545
0.855515
0.783365
2.4745
1.02277
0.869475
4.30055
0.642806
1.97442
0.914092
1.82752
0.946879
0.917677
0.837465
0.890487
0.768586
0.94501
0.972747
2.48899
0.408474
1.20648
0.812837
0.590949
3.31481
0.936978
3.19492
0.435359
1.72722
0.220001
0.756406
1.33924
0.911754
1.62304
0.48372
0.617041
0.731599
1.4556
0.9232
0.280047
0.63561
6.35234
2.43342
0.294649
0.587396
0.921603
0.959649
1.45505
0.386183
0.949419
1.39394
0.995738
0.563021
0.254598
0.425675
0.680127
0.720974
0.93548
0.779469
2.03695
0.190127
3.31231
2.80881
0.862642
0.600482
2.04077
1.9658
0.365921
0.808307
0.934611
0.517908
0.578261
0.679135
1.83508
2.38054
0.490688
0.371915
0.668397
0.915375
1.62628
0.531494
0.610639
0.738641
3.50053
0.551635
0.620519
0.590001
2.05486
0.855758
1.61116
0.640143
0.522134
0.721975
1.40602
0.810305
0.983447
0.13559
2.1871
0.510912
0.723882
1.47009
0.595553
0.495107
0.670728
0.366595
0.613552
0.942544
2.83599
0.590409
2.51793
1.45716
2.15106
0.490985
2.14083
2.26696
0.547787
1.41488
0.621909
0.954785
0.393337
0.418718
0.960112
0.39969
3.0315
0.991077
0.223852
0.492107
1.93133
0.911292
0.934368
0.785725
1.04908
0.519069
0.831899
0.736705
0.786013
0.58122
1.97147
1.42709
2.15524
0.84204
0.87314
0.429836
0.785934
1.25926
0.792864
0.887865
0.467531
2.80172
1.06141
0.867736
1.10863
0.935029
0.446254
0.929608
0.706221
2.2941
0.234345
0.462101
0.692597
1.60584
0.702015
0.739295
3.9796
2.0332
0.970063
0.786206
0.827433
0.798387
0.804103
0.925429
1.5415
2.62309
0.888846
1.09559
0.457285
0.54502
0.364758
0.867427
0.903167
4.01565
0.946694
0.674119
0.925294
0.706805
0.903134
1.19592
1.84064
1.92306
0.601746
0.186325
2.63362
0.668039
0.302891
0.960697
0.480747
0.404527
0.293335
0.817624
0.305826
10.4418
0.930545
0.760803
10.7255
0.526927
2.00952
0.71003
2.62353
0.952618
0.42195
4.00261
0.872483
0.92092
2.20936
0.949374
0.11059
4.009
0.556483
0.917452
4.57953
0.619479
0.955564
1.66911
7.4356
0.366352
0.419922
0.34867
0.900483
1.03348
1.42934
0.971178
12.1767
0.457888
1.81436
0.521475
0.691792
3.13362
6.76296
3.18438
1.10167
0.534553
1.3605
0.588331
0.814082
0.370871
0.594151
5.53815
0.977538
5.9453
0.836281
0.351707
0.995714
3.19164
0.97364
4.01566
0.275634
0.794699
0.385143
0.662298
0.94279
1.82228
4.94987
1.81889
1.60317
0.884195
0.415524
0.653823
0.611285
2.09526
0.563735
0.886126
0.818307
0.573937
0.815977
1.09258
3.80353
2.09166
0.789274
2.91854
1.58346
7.64045
1.28401
0.433573
1.97104
0.961562
0.248207
0.595492
0.210218
1.33602
0.568761
0.904348
4.01484
0.726921
0.714568
0.644717
1.88469
0.798116
0.854049
0.761084
3.54866
0.294813
0.403711
0.24252
0.964642
0.840589
2.0924
0.562668
0.844608
2.18053
0.562775
0.747348
0.602193
3.06487
0.849937
0.444229
1.75332
0.438093
0.482536
0.85468
0.283669
0.636251
0.790854
0.991252
4.74765
0.911068
0.366743
0.314098
4.37853
0.55684
0.391801
0.476527
0.500966
8.27239
0.257304
0.864578
0.850906
0.533812
6.06721
0.271451
0.647823
0.595659
0.707519
0.968723
0.845932
0.588921
0.74779
0.950155
0.916801
0.958249
4.01944
0.423413
3.6868
7.80412
0.891842
0.395948
0.605918
0.324161
0.59189
0.948327
2.60885
4.01504
3.67737
0.596036
0.858963
1.59576
1.42737
1.31127
1.99136
2.89513
0.547339
1.42258
0.49639
3.19411
2.6866
0.145242
0.884925
1.46709
0.86776
0.55566
0.367676
0.593226
1.89026
0.733711
0.499603
0.596802
0.741902
0.899864
1.57228
0.551585
0.381779
0.661963
0.923319
0.758166
0.418236
0.667543
0.592051
2.03142
0.192038
0.853836
0.62366
0.488824
0.695741
1.37688
0.890006
0.593822
1.09763
0.925342
0.394513
0.932736
0.97961
0.78162
0.85391
1.04043
1.32102
0.585306
1.8859
0.589427
1.03314
0.624496
11.4139
2.57852
0.259472
0.879469
0.612613
0.611612
2.59233
2.44866
2.46321
2.46171
1.41872
11.0554
2.18521
0.939282
2.15643
3.25472
5.6789
1.59675
0.319871
2.05988
0.834031
0.822239
0.522577
0.778535
0.293664
2.23209
0.879609
0.987439
0.47383
5.56218
0.455771
0.297833
2.51081
0.934221
0.417087
1.08118
0.302632
2.40097
0.360959
2.66525
3.21582
0.549994
0.328079
0.99309
0.815971
1.18045
0.471697
0.726659
0.492107
4.44217
0.852784
0.222455
0.475629
7.01168
1.79308
4.01634
0.339114
0.567525
3.61176
0.565345
0.197327
0.571982
0.990225
0.494151
3.86988
0.786814
0.599328
0.44005
0.60045
0.732487
2.5299
0.217437
2.67561
0.568059
0.699053
1.58156
0.513445
2.12994
0.474319
1.84821
1.70208
0.817837
0.778392
1.62447
1.24528
0.729245
2.7401
0.854076
1.48579
0.959945
0.955151
1.06268
0.414389
1.94752
1.65969
0.742058
6.45924
0.913453
0.89792
0.798226
2.53363
0.451249
2.08645
0.649686
2.51504
1.60918
0.948535
1.75946
1.07021
0.611114
0.848097
0.535478
0.925947
0.861143
0.724434
0.829704
10.647
0.319448
0.487688
1.83713
1.01154
0.540545
1.51274
0.901936
1.44957
0.798457
2.17409
8.81101
0.935786
0.75752
0.946313
2.79165
0.404948
1.28978
0.798333
0.626525
0.65046
0.368435
0.96329
1.12839
1.35842
1.05434
1.88992
1.79478
1.54267
0.293796
0.766882
0.97695
0.675147
0.774238
1.12245
0.756527
0.986298
0.887101
0.951225
0.729962
0.852238
10.6368
2.31636
0.557619
0.981647
1.80434
0.818107
0.896816
0.516926
0.864372
0.81628
0.102877
3.07554
0.474606
0.462502
0.535153
1.28418
2.03198
3.45617
3.1233
0.854858
0.795683
0.666527
0.910372
1.32951
0.373924
0.677168
0.543953
0.693853
1.99654
0.971716
0.883733
0.538853
8.59723
0.38158
0.673951
0.963173
1.08352
1.0442
0.555615
0.683573
0.389523
0.810018
0.218418
1.75905
0.786626
0.552983
0.583198
0.537188
0.328427
0.434442
14.8508
0.432638
0.659568
0.940078
2.8576
1.09905
0.935451
1.10978
4.00937
0.17141
0.757801
1.39184
0.479731
0.597676
2.81426
0.136746
4.01175
0.516222
0.27755
0.441454
2.92478
2.02893
0.923448
4.00494
0.505863
0.81979
0.882374
0.324912
0.323356
1.95008
0.783825
0.614976
1.06544
2.84307
0.452964
0.629042
0.807966
2.68318
1.46986
0.338667
0.635508
0.988586
0.424244
0.952989
0.773864
0.885006
0.638511
1.37932
0.448734
0.589792
0.810728
0.201387
1.17874
0.711844
0.628693
0.840583
0.716894
0.738806
0.836712
0.787832
1.57576
0.610099
0.813018
2.11105
0.690633
2.27801
0.956909
0.344924
0.61677
0.883416
0.876778
0.786473
0.634632
0.69271
0.396761
0.402765
4.86279
1.82961
0.724281
0.785735
0.933363
2.39913
0.864156
0.998562
0.967676
2.45178
0.605362
0.41157
0.18801
0.840754
1.02582
0.525841
0.878712
0.305953
0.950971
0.897145
0.71425
0.383808
1.1454
4.42522
0.939197
0.0156035
0.961801
0.850659
0.831936
1.43326
0.922065
0.755209
0.658367
1.03564
0.596139
0.555591
1.03367
0.492574
1.59408
0.45526
0.631865
0.775451
0.984979
0.912341
0.757744
0.484415
0.746139
4.00218
0.191659
0.983806
2.30986
0.617788
0.942126
0.716805
1.79022
0.242615
1.17447
1.1528
0.268235
4.0028
0.454126
0.841872
0.71445
0.533674
0.687421
0.737563
0.587495
0.680219
1.00202
0.950973
0.424715
0.935899
0.221706
0.959752
1.85219
0.866481
0.983101
0.621794
0.390254
0.702744
0.297634
2.39732
0.422566
2.18215
2.50978
0.639658
1.50054
10.5247
0.536521
2.49299
0.377349
2.20797
0.848784
0.790736
0.892766
0.657699
0.653355
0.869529
1.67428
0.629063
1.80867
1.38348
0.719632
0.305453
1.32518
0.930487
0.713471
0.22788
0.709546
0.805911
4.00273
2.97607
1.56411
2.11306
1.12154
0.508699
0.537085
0.914519
0.907249
0.664894
0.370112
0.662849
0.696187
0.882437
1.14721
1.57767
0.458004
0.916837
0.801885
0.611979
1.02632
1.6016
4.18938
1.42066
4.0165
0.890393
1.39815
0.572478
0.550779
5.37899
1.50667
0.374938
0.896183
5.29493
1.46663
1.33198
1.44724
0.71627
10.1535
0.272587
1.77823
2.51395
1.54995
0.234236
0.886316
0.802102
0.402404
0.771055
0.876385
3.30465
0.59291
0.460363
5.55362
0.343671
0.977067
0.391392
0.797281
0.911293
0.496744
0.429085
0.764132
0.92234
0.324336
0.991823
0.318353
0.366696
0.484582
0.973274
1.25031
0.682236
0.133887
0.800378
0.775679
2.9892
1.15339
0.810633
0.531502
2.38979
0.968488
1.87591
1.37557
5.28229
0.882998
1.29661
0.429804
0.528289
0.754381
2.97011
0.911095
0.99355
7.6341
0.502506
0.388562
1.93079
2.73947
0.528678
2.86646
0.870917
0.630505
0.843876
0.571276
2.11189
0.822826
1.31274
0.720844
0.954119
0.532354
0.870096
1.44465
0.334417
1.01616
0.930494
0.275505
0.309753
1.81623
0.885837
0.663401
0.376193
0.213186
0.682384
2.50443
0.69237
0.431519
0.981757
0.916347
1.07743
1.28414
0.994795
0.874066
0.680264
2.8402
0.720349
1.98049
2.12657
7.00662
0.927116
0.844334
5.05387
0.864566
2.21671
0.702959
0.589385
0.924358
0.365572
1.87351
0.974181
0.775311
0.507661
2.37651
1.54072
0.39037
3.65968
0.281846
0.848759
2.19762
0.972491
0.278174
0.517736
0.462391
1.56019
1.55729
0.0957324
1.45925
0.481777
0.829713
0.963912
2.45679
5.46202
0.947885
0.925202
0.557251
2.31435
1.24723
0.665696
0.333589
0.992576
0.716731
0.405027
0.924409
0.45022
0.249939
1.20808
0.458281
2.04579
0.928204
0.457943
0.702107
0.671578
4.07943
1.9784
0.370454
1.61346
3.62635
0.829949
0.655207
0.474609
1.74967
0.711992
0.422302
1.63849
0.946848
0.606522
0.976484
0.764251
0.842677
3.99404
0.979838
0.995778
0.817927
0.437574
4.62516
0.446458
0.599794
1.80857
0.651121
0.304713
0.824437
0.356423
1.67219
0.60629
3.99658
6.77569
2.31174
0.480405
0.270508
1.94326
0.848198
0.849778
0.890429
2.78845
0.366571
0.405186
3.80478
5.18244
0.464969
1.15991
0.828236
1.02001
0.511366
0.629775
0.61148
0.409358
0.45504
0.481622
0.89451
3.45106
0.303642
4.25645
0.622103
0.612022
1.98494
0.358643
4.00339
1.51915
1.68449
1.93379
0.407176
1.6432
1.04197
0.493304
0.611308
0.965871
0.325485
1.8393
0.274131
4.01501
0.569913
0.855204
0.700551
0.629169
0.568497
11.5289
0.240156
0.953283
0.894444
0.696729
0.40922
1.11097
0.568903
1.89788
1.26373
0.382736
0.401458
0.638144
0.903649
0.521462
0.688804
0.460273
1.01087
0.316422
0.54378
0.873071
0.695563
0.856646
0.622218
0.807087
0.725786
0.877806
0.822067
0.955212
1.74094
1.38035
0.773186
0.868884
0.463231
0.64536
0.589062
2.05137
0.415974
0.765701
0.989656
0.975635
2.49494
1.64315
1.39547
0.831289
1.85198
1.57645
0.69988
0.330248
0.671515
0.936935
0.183768
0.860038
0.464402
0.772147
0.567145
3.04407
0.668944
1.49088
0.858942
1.49583
1.18332
0.90191
0.629641
1.66315
2.89894
0.372705
0.360885
1.08951
1.64915
0.806038
0.316643
0.908258
0.923918
0.987796
0.386709
8.16245
0.617224
0.96662
1.13919
0.97435
0.819572
1.56612
0.606538
0.706466
0.74798
2.32292
0.455467
1.89157
0.296618
0.340632
1.12837
0.693564
0.168799
0.680636
2.27168
0.639597
0.541359
2.96818
0.903205
0.197324
0.910552
1.56708
1.05961
0.603153
0.283973
2.52141
2.80157
1.4986
0.486656
2.07075
1.22624
0.409939
0.696409
0.624061
0.676001
1.09046
0.682109
0.784662
7.44443
7.39328
0.633984
0.871466
0.524849
1.13981
0.519692
1.80804
0.912248
12.6716
1.21947
0.906156
1.22701
1.44897
4.68398
0.457001
0.272804
0.639143
0.461907
0.626738
0.749158
0.750225
0.60043
0.743296
0.644675
3.5218
4.0003
0.945099
1.85536
0.717521
0.566002
1.35239
1.75757
0.355363
0.753347
0.673056
0.744366
4.0126
0.858295
0.757645
0.745092
0.8047
0.582833
2.85849
1.81692
0.521902
0.737231
0.894589
0.48696
0.463989
0.748776
0.983807
0.215292
0.856024
0.976321
3.27445
0.85257
0.451055
0.81059
0.938865
0.45642
0.570406
0.896018
0.74936
0.41198
0.899928
5.07574
0.61574
1.02019
3.81156
2.22139
0.733046
0.912098
0.963764
0.324549
0.474916
0.827677
0.887943
0.848313
1.02117
0.674709
0.445368
0.898859
0.922465
3.53407
0.810306
1.13348
0.69491
0.910746
0.851635
0.863179
0.599722
0.444906
1.7714
1.69109
3.45068
0.929565
1.06172
0.439312
0.96679
3.81968
0.974565
0.791694
0.977247
0.290717
0.858858
0.81426
0.624611
0.23791
0.506524
2.43962
1.61905
0.519156
3.36654
0.407172
0.655343
2.11198
0.491345
1.20853
0.401098
0.761965
0.669555
2.00798
0.821458
2.44908
3.99735
0.469729
0.697231
0.801898
4.72064
0.568947
3.11028
0.991022
0.34115
0.973557
0.601488
0.887089
0.511959
0.56718
0.502676
0.946578
1.2748
0.510875
1.31194
0.875268
1.30347
0.454908
0.933156
0.371432
0.336485
0.845636
3.9982
1.68511
0.530631
0.753499
0.563698
2.08425
0.712379
2.67631
0.390087
0.537763
0.379566
0.299454
1.51304
0.992014
0.650424
0.28222
0.881175
0.986207
15.046
1.70677
0.295916
6.19517
0.96316
0.593279
1.25118
0.428552
0.501832
0.459573
0.854223
1.22155
3.18448
0.486905
0.593241
0.264448
0.96163
0.319918
2.99496
0.394609
0.926154
0.413144
2.46786
1.67628
0.453824
1.59084
0.715763
2.23037
0.878731
0.492808
0.968962
0.885409
0.821764
1.81711
0.958886
1.6251
0.707403
0.171595
1.75268
1.35648
0.934754
0.37049
0.619675
1.29752
0.497444
0.818895
0.495349
0.984941
1.33767
2.54463
0.765348
0.981337
3.77132
1.87164
4.00737
0.445773
1.40983
0.824403
0.903008
0.363627
0.969032
1.12975
0.800831
0.875427
0.468977
0.779749
0.505962
0.570562
0.164792
0.779187
1.96551
3.83267
11.1944
0.62309
0.910738
2.30526
0.849743
0.607276
0.574765
0.342304
0.743944
0.972392
2.1154
0.508841
4.4347
0.852644
0.320435
1.80395
1.71197
0.599789
1.41644
0.536975
1.23638
0.692854
0.967148
3.08704
0.209283
1.71562
0.194004
0.311349
0.910929
0.619992
6.48836
1.80752
1.29205
0.909221
0.698022
0.947407
0.832183
0.97632
0.918047
0.349304
0.37578
1.32245
0.531345
0.810272
2.65385
0.441554
0.710832
15.3402
3.4283
1.56553
0.784368
0.556419
0.817734
0.771921
0.368564
0.61242
0.310797
1.55347
0.847861
1.27724
0.487178
0.814223
1.31265
0.468082
1.61017
0.332244
4.00634
0.903108
5.14466
0.881276
2.08963
0.687196
0.942536
0.728343
0.421395
1.3043
0.450312
0.319479
2.48287
0.541117
1.13176
0.319106
0.739089
0.862744
1.36528
0.848093
3.00523
3.15504
1.03928
2.1426
0.560839
0.861241
2.46854
0.900226
0.951279
0.892967
0.595002
0.535875
1.24935
11.7072
0.570832
0.680153
0.397696
1.31756
0.369055
0.807578
2.89214
0.240506
0.695129
7.01583
1.13318
0.80166
0.666059
0.807136
0.304013
0.669196
1.02959
4.00673
0.625087
0.276427
1.48036
4.92427
1.1331
1.22856
0.602102
0.245917
13.9491
0.560654
0.30136
1.6516
0.197984
1.54845
0.273592
0.964176
1.0815
0.76614
0.731218
2.16078
0.283426
0.891381
0.624625
0.388961
1.75625
0.577159
0.485495
1.14632
0.616128
0.416243
1.10003
0.953354
0.788263
0.921943
0.887485
0.993642
0.545544
2.18363
0.969218
0.492293
0.213481
0.511016
0.840922
2.04469
0.414056
0.376351
0.344845
0.731535
1.12304
1.80369
0.157236
0.949206
10.3363
0.671156
2.32805
0.912375
0.490983
0.883889
1.56731
1.29884
0.894722
0.447348
1.82616
2.18515
0.43478
0.883751
0.902529
0.447671
1.34401
0.819804
0.774984
0.451648
0.154634
0.885869
2.98115
0.784881
1.8931
2.54105
0.989369
1.90542
2.92384
0.680128
0.393845
0.494462
0.887388
0.279201
0.79338
0.627859
0.403335
0.959475
0.374309
2.92807
0.871012
0.453103
0.567437
0.87089
0.635433
0.735196
0.694505
0.978361
14.7765
1.57706
1.3973
0.995206
0.859147
0.601653
0.740588
0.210303
0.662208
5.83146
0.518676
0.996047
0.939524
2.19961
0.691488
0.828014
0.728985
1.26665
1.88913
0.694701
0.506017
1.76755
0.908594
6.05388
1.96326
0.617842
8.56032
0.723643
0.76487
0.365121
0.595274
0.857207
0.586204
0.280173
0.952372
4.9908
1.73033
0.881253
6.6007
0.501324
0.941793
4.01012
3.98597
0.841303
0.620047
0.448907
0.783377
0.665056
2.23327
2.46577
1.86039
0.90789
0.622002
1.0809
0.663238
1.00769
1.28487
2.99441
0.721081
0.686724
0.47474
0.954668
2.15815
4.00376
1.01838
0.682583
0.7605
1.78288
3.52589
0.889119
0.474015
0.730307
2.25461
1.75537
0.827737
0.792434
0.909719
0.890842
0.674525
0.859055
0.901681
0.402493
2.99277
0.833064
4.00464
4.106
0.99213
0.768636
0.692519
0.873297
0.737052
1.55236
0.300301
1.47323
0.963732
0.860484
0.666988
0.120219
0.320867
0.621118
0.531567
3.26068
2.04489
1.03351
1.17638
0.944922
0.718933
1.41573
3.99775
8.4899
1.25726
1.80445
0.22035
4.80678
1.73814
0.833618
0.625318
0.974154
3.3485
0.263882
0.954177
1.18933
0.559093
0.60972
2.94967
0.405911
4.00885
2.61107
0.48516
4.36218
0.44828
0.861981
0.715374
1.07234
0.600159
0.974268
0.707789
2.72065
0.57885
0.451088
0.579563
0.507384
2.84952
0.583607
0.882035
3.32097
0.893948
0.615355
0.675806
0.927174
8.00737
0.860935
0.77871
1.14972
7.77582
0.806451
1.34644
1.76972
0.356897
1.35258
0.590061
1.27326
0.266097
1.06646
1.81464
0.93813
0.914395
0.822633
1.18848
4.01685
2.13552
0.304142
0.885863
0.388075
0.98593
0.83422
0.208983
1.00557
0.384606
0.504682
0.566365
0.798552
0.852022
0.954552
0.653272
1.41074
0.840487
0.46131
0.272765
3.8743
3.11408
0.876853
5.77622
0.886219
0.537357
0.329847
1.06125
2.2513
0.765683
0.49414
0.855791
1.25494
0.709585
0.992745
1.38372
0.597576
0.396681
0.969126
0.618773
0.681168
0.790854
4.00181
3.06103
0.658474
0.991819
2.75828
0.987189
0.782874
0.672019
5.83032
0.910032
0.47474
2.67352
1.59429
0.537596
1.47282
0.432693
0.584548
0.70741
0.96695
0.769096
0.279681
2.83127
0.989048
0.212959
2.55236
15.0223
2.86346
0.963747
0.666479
0.432985
0.825294
0.924205
0.600026
0.922057
0.595515
1.76263
0.603869
0.323539
0.457267
0.670065
0.850586
0.448971
0.321004
3.99461
0.807422
1.54572
1.02512
0.920591
3.02595
4.85244
0.948283
5.88014
0.723365
2.15372
0.314719
1.81006
0.824639
0.42581
0.661691
1.53993
0.818575
0.686307
0.672983
0.400189
0.846992
0.628686
0.863851
0.840472
1.14157
1.6431
0.867553
1.74479
1.38075
0.97377
1.19162
1.1216
2.18825
1.81159
0.723656
0.555931
0.891053
11.7507
1.81765
2.77714
0.933406
0.586509
0.650027
0.744164
0.258225
1.94928
0.688834
1.96478
1.27452
0.756639
0.955412
8.3711
0.35904
0.399748
1.72292
4.75589
1.75953
2.25085
2.33212
0.300043
0.453825
2.16293
7.88921
1.76788
2.34809
1.28951
8.03398
0.435414
0.637514
1.86393
0.734568
12.4353
0.491231
0.402246
1.33696
1.58273
9.55817
1.92425
0.520989
0.916389
1.31388
0.710973
0.902434
1.72619
0.694066
0.415827
2.94748
3.75666
3.29841
0.969605
0.954579
5.78834
4.5599
0.857372
1.60926
0.96309
1.26016
0.624942
0.779954
0.601954
4.00218
0.474389
0.954682
1.04216
2.07907
0.974942
0.973825
0.519338
0.56889
0.499216
0.628259
0.986152
0.754967
1.24892
0.971828
0.285834
0.791797
0.524363
0.410483
1.07356
1.27997
0.823953
1.75624
0.443295
0.730448
2.76135
0.508825
0.815632
0.470145
0.787127
1.63752
0.655754
0.912096
0.956236
2.27133
3.12634
0.461858
1.27407
0.479542
1.29983
0.445656
0.732456
0.54723
0.284965
0.526012
0.780011
0.955486
0.70458
7.71812
1.00989
0.484159
0.362737
1.0107
0.450182
0.399262
0.386529
0.357357
0.324157
0.760448
0.75185
0.961834
1.48928
2.54056
1.67393
0.199618
2.98784
0.928045
0.6567
0.864584
4.00078
0.672059
3.01449
0.414859
0.6381
1.83345
0.786193
0.59812
0.940137
0.809183
0.389791
0.482903
0.624913
0.513
0.533181
0.449586
0.828239
0.396744
1.10737
0.85483
0.755075
0.657168
0.547167
0.784209
0.70475
0.441263
3.45273
5.13021
0.961885
0.94288
0.702911
0.890132
2.62273
2.19342
1.14479
0.720187
0.997299
9.53967
0.874006
0.884322
0.953796
2.02203
0.790362
0.903268
0.848791
0.280898
0.349783
4.01297
2.27778
2.19531
0.774434
0.710576
0.130237
1.92615
0.240274
1.60109
1.53714
2.93071
0.463858
3.51741
0.627974
4.01026
0.42492
3.24317
2.59396
2.1446
2.06646
0.612053
0.738322
1.56095
0.771349
0.63306
0.508014
2.56157
0.863393
2.22495
0.967714
0.900519
0.427042
1.02714
0.976819
0.777808
0.888146
0.485965
0.605761
0.777236
2.32256
0.916556
0.812394
0.377477
0.834104
0.96914
0.834916
0.845828
0.644691
0.440317
8.21924
5.19203
0.184659
0.825256
2.01342
0.866675
0.320488
0.816076
0.96967
9.40959
0.365951
0.791315
0.243008
1.73805
1.33754
2.87996
0.435416
1.62732
0.95128
0.98636
0.521462
14.3061
0.697625
0.560959
1.50427
0.866833
0.861467
0.841469
0.0939325
1.03823
0.58998
1.49988
0.274373
0.870302
0.990165
0.646852
0.418678
0.936179
0.437635
2.23503
1.57436
0.684659
0.718967
1.92658
0.755821
1.43395
0.598671
0.560082
0.9871
0.133184
0.873702
1.45671
0.453811
0.733445
0.935638
0.548539
1.73524
0.820465
0.598836
0.467972
2.20976
0.657906
0.722488
0.523604
2.73451
0.720356
0.929786
3.99446
0.791619
0.864573
0.482427
0.869055
0.544393
0.179349
1.66608
1.14926
0.668132
1.30951
1.15879
2.1024
2.1452
0.760146
1.32151
0.614487
0.930557
0.915218
0.995303
1.91237
0.748042
0.666947
0.336846
0.667617
2.31708
0.574318
2.74508
0.722254
2.01228
0.554206
2.29979
1.48752
0.810197
0.486287
0.966081
0.789052
0.652055
0.949883
0.894571
0.687425
0.439526
7.5868
0.773439
0.94894
0.307238
1.72305
0.233565
0.735106
0.49247
0.314291
12.4933
1.47471
0.398284
0.415418
0.883226
1.08093
0.559898
1.15972
0.316019
1.26953
0.795504
0.382916
2.40506
0.696961
0.26168
3.99853
0.53282
0.184865
0.252491
0.348663
1.12073
1.30634
4.27983
0.611024
1.31827
6.20027
0.702479
1.23577
0.46416
0.489596
1.11918
0.767065
0.910366
0.513544
0.733975
4.31001
2.45624
0.954966
2.66044
0.990792
0.489895
0.819795
1.9997
0.589952
0.719231
2.05042
1.03386
0.461629
2.35056
0.883474
2.65903
0.463628
1.69706
1.55228
3.12654
0.985529
6.06132
0.258579
0.724444
0.838199
1.84654
0.461545
1.94342
0.412362
0.892298
2.49103
0.880698
0.766742
0.526161
0.641144
1.14291
0.47576
0.719576
0.51204
4.18739
2.12258
0.922751
0.878261
0.920211
0.281387
0.662913
0.774638
0.462183
1.70011
1.2612
1.09905
5.35337
0.335386
1.08566
7.7723
2.39218
1.37178
0.69573
0.370114
0.508238
0.918348
0.910536
0.557689
0.512005
1.67917
0.32237
0.491811
4.00185
0.537501
1.13045
0.980424
0.618015
4.32768
0.722834
2.67955
0.556756
0.605018
0.969209
0.784431
0.465873
0.129364
1.54864
0.881821
1.9247
0.36912
2.02424
0.677358
0.874737
0.50898
0.133887
0.754549
0.934878
0.364265
0.607126
1.32119
0.648376
0.663835
2.02037
0.578668
0.456956
0.78982
4.06789
0.748072
2.57794
2.79696
0.485315
0.865993
0.394026
1.35043
0.656145
0.383722
0.592464
11.1836
0.346761
0.991743
0.82807
4.00253
0.785132
3.74844
1.44704
2.15349
0.470885
1.44256
0.553382
0.195682
0.926514
0.332854
0.754478
0.637181
1.44343
0.507302
1.91643
0.362026
0.433545
0.49379
1.23999
1.28292
0.632051
3.33635
1.59383
0.554309
0.566896
5.31257
1.74835
4.22642
0.909502
0.445459
1.88773
2.09521
0.639644
0.843926
0.864346
0.661919
2.62299
0.376051
1.27725
0.497096
0.845642
0.931601
1.32901
0.915
0.809015
0.578786
0.896486
0.989326
0.716155
5.13494
0.183424
0.985422
0.400017
0.561625
0.891961
0.524353
0.784088
0.522264
0.493349
2.03478
4.001
1.26987
0.336954
0.871707
0.250242
4.7294
0.553689
2.32657
0.324101
0.445441
0.70075
0.860419
0.951071
0.788876
0.593248
0.837405
0.835295
0.78359
0.734969
2.14688
0.977447
0.540124
0.728456
1.32749
0.492051
0.343828
0.874709
0.580558
0.726678
0.609371
4.86549
0.649111
0.571799
1.46174
0.640244
3.18016
1.56317
2.42093
1.51557
0.282738
0.503889
0.939454
0.887058
0.408599
3.65241
0.607916
0.800302
4.00249
0.518088
0.921506
0.495409
0.652959
0.38698
0.392348
0.318366
1.08536
0.583338
0.330333
1.12074
0.485496
0.399564
0.970636
0.923107
1.18671
2.67537
0.718246
0.196319
1.46505
0.406998
0.64649
2.29318
2.3509
0.514948
2.24293
0.603372
0.941661
0.628829
4.01019
2.92879
2.67622
0.886192
0.857247
0.897656
0.349642
1.26153
1.05821
0.946202
0.691806
0.904714
0.826872
1.5538
0.756291
0.853949
0.547388
1.05491
1.4904
0.543948
0.431056
3.80291
0.283376
0.354074
0.900999
2.45016
0.453363
3.34063
0.640366
0.84023
2.33344
0.430104
0.953627
2.36754
0.642548
0.394379
0.394293
1.3227
0.853667
0.943054
1.31032
1.89376
0.51658
0.624775
1.30114
0.660384
0.450217
0.957095
0.695553
0.959408
0.320757
0.653833
1.68388
0.400034
0.878898
0.52156
2.48175
0.878823
1.92721
1.15384
0.411729
1.52686
1.10368
2.41363
0.468455
0.838255
0.687902
0.385916
0.719173
0.272504
5.98076
0.330289
0.988285
3.99372
0.885846
0.568674
0.570512
0.708124
0.576542
2.75084
0.851776
0.497655
1.32214
0.713718
0.298252
0.842191
0.498565
0.385989
0.539115
2.54666
12.3807
0.679484
0.756344
2.1654
0.994562
0.538007
0.912407
0.531389
0.937318
1.34139
0.739853
2.60429
1.07829
2.63082
0.923665
1.11938
7.92103
0.755885
0.941842
1.44177
0.100265
1.18758
0.958261
0.946388
1.85739
4.44025
0.30035
3.49669
0.634834
0.927574
0.949981
3.99705
0.383365
0.915146
2.26703
0.610816
0.924153
0.700051
0.377348
1.87894
0.628317
0.796654
0.867869
0.784645
1.02495
0.532605
2.8606
0.573155
0.25917
0.121293
2.85666
1.62769
2.31503
1.84127
0.777832
0.949189
0.631312
0.81076
1.169
0.378877
0.769378
0.890063
0.798422
0.898475
0.881126
0.83601
0.314998
0.99937
0.817125
0.66548
0.739905
0.970252
2.62873
0.875699
0.769929
10.1127
0.641507
0.447726
0.521506
0.452129
0.681775
1.68964
0.435155
0.856306
0.620589
0.914303
0.852247
0.894185
0.343825
0.925572
0.980663
0.339995
1.6175
0.602142
0.350364
0.601605
0.987799
0.361586
0.955212
0.878191
1.47982
0.839745
0.613509
0.910372
0.864051
0.557037
0.627817
0.820936
1.23897
0.622896
0.305589
2.39117
0.736517
2.25064
0.801281
2.15218
1.80183
0.976977
0.364989
1.27174
0.403304
2.37647
1.18798
0.667551
0.84941
4.0093
0.232867
0.981301
0.705136
2.09596
0.293861
0.386294
0.649376
0.37103
0.930566
0.807627
2.13199
0.759603
0.181089
3.24295
0.437102
0.412016
0.759922
0.578719
2.23814
0.550214
0.278005
0.353271
0.812299
1.37439
0.867331
0.803652
1.74238
1.34314
1.56983
1.05285
0.672944
0.475971
2.21964
0.281664
0.590439
1.36668
0.903411
0.237815
4.64078
0.380906
0.379142
0.292636
0.582471
0.327127
1.27546
0.770933
1.54215
1.15067
1.60898
1.39532
0.747206
0.896069
0.301748
0.442322
1.34869
0.975932
0.74897
0.525193
0.910815
0.614785
0.575135
0.559563
0.79876
1.11842
0.668436
1.1648
5.01067
0.243644
0.813954
0.495218
0.518891
0.579827
0.272256
0.846255
0.618655
0.41161
2.06457
0.462843
0.967821
2.57941
0.997692
1.02871
1.268
0.391988
0.69674
0.709581
0.825606
0.614616
0.913012
1.41001
0.078722
1.76809
2.28239
0.523961
0.675684
1.29053
0.978026
0.887336
0.792369
0.968378
0.785909
0.923353
0.143619
1.66925
2.00497
5.57588
0.506348
0.356854
2.49743
0.627209
2.02886
0.626025
0.927061
1.76167
4.0145
0.472786
0.704351
1.76258
0.696667
0.741677
0.958588
5.72244
1.39495
2.56065
2.47708
2.22866
0.356427
0.486593
0.536494
0.531784
0.496691
0.578567
0.597361
0.657218
7.60171
0.680364
1.03032
0.467345
0.291256
0.787146
0.876926
0.532329
0.497446
0.714121
0.86362
0.705212
0.618988
0.363516
1.46155
0.980781
0.909661
0.710959
0.86977
0.908892
0.601503
0.994499
0.2026
0.905274
4.26885
0.577578
0.675176
1.91756
4.61538
3.00878
0.300285
1.57387
0.85231
2.25543
6.1099
0.323518
0.327674
0.843393
5.39037
5.43222
1.51913
0.456342
0.856865
0.542223
0.588527
0.919434
0.286144
0.435489
2.57924
0.445924
5.66196
0.726731
1.92643
0.878861
1.52409
0.916441
0.864145
4.01009
0.501183
0.842052
0.842746
0.894876
4.01183
1.72224
0.76454
0.868564
1.65302
14.4264
0.828006
2.00008
0.921532
0.521465
0.517093
1.71021
1.22215
0.628964
0.286984
0.689076
0.34908
1.42625
1.92828
0.4219
2.20836
0.561815
2.00901
0.517991
9.70398
0.913132
0.875265
1.9813
9.2336
2.30272
2.07826
4.29664
1.51051
0.351095
0.424281
2.60497
0.449692
0.571646
2.31372
1.68407
1.29163
0.543372
2.04817
0.659194
0.892081
0.83113
2.10177
0.127626
0.833494
0.928374
0.672125
2.29494
3.95772
1.1248
0.994795
0.65743
0.748811
9.22686
0.690994
0.50941
1.91255
0.738625
0.894151
1.55582
0.576024
0.820478
0.927821
0.414014
0.801142
1.55391
0.570963
0.438148
0.335472
0.630867
0.752643
1.0847
1.56001
1.89718
1.33756
0.721512
2.74121
0.710982
1.76068
2.0108
0.141328
0.66005
0.461194
1.13207
0.351953
0.515207
0.577844
0.472375
0.980821
9.19171
2.65892
0.824903
0.471787
0.64466
0.958551
2.38963
1.2027
0.356135
0.583192
0.434674
0.67737
0.921339
0.677546
1.9528
0.380244
3.36407
0.794023
0.969759
0.850223
0.299406
0.675106
1.75213
2.42114
0.816434
1.62973
0.717938
1.58711
1.86728
3.39197
0.228093
0.892272
0.661785
2.19486
0.845775
4.89129
2.37882
0.755806
0.997537
0.127768
1.59099
1.43503
0.985188
0.905211
0.55769
0.833914
1.05589
0.85227
0.415143
0.588752
0.421875
0.372294
0.926737
0.97289
0.377034
0.793479
0.550065
1.33308
3.99713
0.911592
1.45187
0.707006
0.747162
0.930982
0.954196
1.4471
1.3451
0.712502
0.626582
4.82965
0.474602
14.0081
3.99948
0.163933
0.855753
0.8383
0.208665
1.25768
0.58654
0.302868
0.545227
2.97471
0.839204
1.20533
0.314575
0.528861
0.761263
0.412352
0.511473
0.368706
0.74414
0.685378
0.977061
0.81254
0.608494
0.9499
0.614631
5.02086
0.598291
5.63951
0.324592
0.498422
4.0009
1.21452
0.815203
0.836971
0.445218
0.912488
0.61568
1.12231
0.811647
0.758566
0.970776
1.81467
0.34241
0.695906
0.911028
0.671864
0.803474
0.195776
0.504387
0.852777
2.78468
1.85286
0.762126
0.582262
0.942676
0.718636
0.653171
2.42711
2.83685
0.417009
0.284158
0.263219
0.553613
0.991452
3.99783
2.58203
0.992335
0.475687
0.631008
0.729708
1.85635
0.995308
0.74738
0.790652
3.22733
0.346445
0.721507
0.860752
1.38974
2.24485
4.00106
1.35562
0.464879
0.712966
0.736566
2.35162
1.86781
0.638355
2.38158
0.905623
0.939885
0.866755
0.619025
0.706216
0.91494
0.813912
2.92999
3.47353
2.70687
0.766497
1.72385
0.413121
2.49903
0.481087
13.6148
1.95773
0.621083
0.896083
1.81461
0.901688
0.423003
2.35791
0.783532
4.6986
2.06929
0.520809
0.45251
0.93456
0.281291
0.68202
6.46996
0.40647
1.40632
1.56108
2.41752
0.65588
1.63035
0.286364
1.28442
0.438553
2.74006
9.01581
3.04531
0.952238
3.05583
0.828448
0.875976
2.21697
2.70135
1.09794
1.34648
0.893636
0.585646
0.88018
0.744496
1.29866
2.43473
1.81564
0.678529
2.46033
0.563772
0.393347
0.394045
1.2459
0.900972
0.57608
0.916433
0.815626
0.809164
2.79945
0.587045
0.757398
2.7965
0.967896
0.764803
3.84853
0.443437
0.925132
0.235895
0.919824
0.981553
0.216695
1.6998
0.479686
4.00954
0.988067
0.841728
0.399355
0.996573
0.647945
0.723768
1.93606
0.344979
2.75663
0.815927
0.475738
0.941891
1.56424
1.54149
2.91631
0.702019
0.943594
0.916046
0.723539
0.967351
0.599899
0.955395
0.500106
0.91486
0.93345
7.97332
2.45865
1.0843
0.449901
0.51454
0.320224
0.43371
0.0441256
0.322372
0.258037
0.703786
0.677513
2.50758
1.63986
0.854212
0.559678
2.09545
0.923425
0.826666
1.4169
0.425479
0.916162
1.58644
2.27493
0.736363
0.784124
0.379215
1.25453
0.908663
0.184362
0.605513
0.672654
1.79083
0.853422
0.874294
0.314288
2.33287
0.54984
0.826913
1.32484
7.61272
4.00336
0.818663
0.694051
0.161696
0.788436
0.120094
0.862547
2.73519
1.09361
4.47184
0.97428
0.914023
1.79358
0.639143
0.516644
0.796954
0.365365
0.442262
0.401442
0.591233
0.816713
0.968569
0.94916
1.30281
0.906093
2.12275
0.728727
0.934118
0.870107
0.84936
0.753907
2.14358
2.84506
0.518178
0.591617
0.525338
0.484463
1.70767
0.722778
0.433193
1.04844
0.42993
2.92574
1.20708
0.41599
0.468473
0.937348
1.31969
0.293286
0.616432
0.566645
0.211581
0.787879
2.34372
0.978145
0.837745
0.658493
0.902976
1.47209
0.611147
0.587279
0.407061
0.476952
0.485203
0.440526
0.792861
1.73034
2.92297
0.856201
0.362237
0.895586
0.782995
0.800436
0.931755
0.123477
0.675056
0.364032
0.99671
0.7884
0.574436
1.35318
0.486333
6.58933
0.372415
0.924655
0.503158
0.767442
0.989661
0.517732
0.627088
2.34438
0.687868
0.828728
1.06155
4.00519
0.533349
0.994707
0.516892
0.366141
0.634306
7.18738
0.597746
1.1055
2.35247
0.81185
0.50656
3.12295
0.853665
4.73519
0.46416
0.692803
0.756963
0.952032
10.7183
0.460062
1.73685
0.648932
1.23151
3.12168
3.9958
0.684031
0.843612
1.27537
0.81614
0.869644
1.54164
0.96796
1.42226
4.00835
1.61405
1.76236
1.32118
0.807882
1.14461
0.846
0.327286
0.568498
1.47747
0.643654
1.79895
0.279828
0.71601
4.00443
0.368175
0.896249
0.912404
0.546066
0.70123
0.837701
0.918565
0.920697
0.566781
0.396337
0.989999
15.4327
2.54514
0.605991
0.916398
1.1641
2.90654
1.4827
0.3897
0.895265
2.18554
1.00674
0.847458
0.472481
0.315565
0.925227
0.738287
0.655913
0.697509
0.960662
0.86882
0.655836
0.319903
0.973413
0.539165
1.02506
2.87903
0.373608
0.407164
0.213973
0.721938
1.71779
2.15461
0.680193
2.25228
1.51201
0.547052
0.852127
0.828388
0.982366
0.805336
0.776893
0.966463
0.550524
0.604796
0.876798
1.0157
0.820038
1.00002
0.76866
2.619
0.89971
1.14159
1.30952
0.546157
0.408992
0.878242
2.77854
0.958968
0.919301
0.856939
0.926638
0.622826
0.872796
3.99436
0.66978
0.604501
0.810083
0.628273
5.54798
1.82833
0.972332
0.589968
0.620241
0.601934
0.53109
0.814255
0.833101
0.358331
0.697307
0.40549
0.877803
0.79111
0.526309
0.843982
0.903343
0.90039
0.25535
0.929551
0.9527
0.409175
2.45434
0.647776
1.49839
1.26865
0.829857
1.84958
0.918789
0.843381
0.296792
0.909308
0.338666
0.251028
0.618372
0.468944
0.861493
0.357078
0.752459
0.647077
1.69824
0.941759
0.5954
0.882543
3.21622
0.843366
0.317152
0.405996
0.570028
1.08423
0.940723
0.878594
0.519204
0.433084
0.241415
0.354966
0.875689
1.59314
0.556427
0.507069
0.878101
0.745964
1.13644
0.514232
1.74556
1.205
0.578851
0.858855
2.54928
0.49614
1.08396
0.991828
1.492
0.588707
0.648544
0.917515
1.42068
0.895666
4.12331
0.849177
2.44969
0.32709
0.909897
0.66421
1.35222
1.23127
1.54447
2.25016
0.329232
2.10593
1.4816
1.27389
0.778573
0.792599
9.33193
0.654763
0.602675
1.46034
0.512792
0.601147
1.90573
0.489885
0.594657
0.54494
1.28095
0.886907
0.79636
0.767982
1.73251
0.975181
2.41885
0.632144
0.439687
0.985129
2.48921
0.330623
0.546628
0.885056
0.944675
0.938102
0.375734
0.518116
0.772552
0.73789
0.420181
8.01126
0.535959
0.628104
0.656188
2.01165
1.11033
2.26748
0.799099
0.519261
2.48476
1.87641
0.0967916
0.695845
8.01536
0.889809
1.57124
1.64894
4.0531
0.994682
0.570951
0.611881
0.699042
0.732636
1.36174
0.722797
0.839267
0.450193
1.28419
0.948234
0.610639
0.32299
0.654386
0.743846
1.92751
1.70298
1.09606
0.567202
0.898721
0.465991
1.46624
1.65468
0.494616
2.5615
0.639573
0.895062
1.0583
0.743215
0.392449
0.766464
0.361136
1.07341
0.935842
0.745824
0.82575
0.508082
1.16637
0.967625
0.657051
0.89312
0.832705
1.24676
0.428182
2.46342
1.14598
0.603276
0.843795
0.5108
2.27166
1.29919
0.821069
0.623753
0.883649
0.940232
0.406067
2.84885
0.895044
2.56247
0.796294
0.810649
0.66682
0.764424
0.751512
0.136014
1.42448
0.986298
0.636315
0.558559
4.73289
1.40139
0.91992
0.924631
0.410562
0.984464
2.61254
0.824819
0.99573
0.439368
0.565751
0.766852
1.38547
3.99576
3.38372
0.621507
0.402129
0.497822
1.35563
0.68922
1.59456
0.869913
2.09902
1.1397
1.44182
8.57621
1.09579
1.76403
2.56713
0.698412
0.910868
0.987085
0.858921
3.27458
0.501775
1.04584
0.621419
0.543585
1.5755
0.60119
0.812621
1.16299
6.79794
1.34271
4.00204
0.369081
0.99638
0.628638
1.61988
0.617585
0.952965
0.483342
0.962646
0.329892
1.94253
1.41574
0.6359
1.65032
0.981804
0.965857
1.9115
0.776153
8.20666
0.474301
0.779993
0.54862
0.977323
0.949927
0.949292
0.883957
1.71016
0.642176
0.326061
0.663519
0.320093
0.849796
0.68119
0.879291
0.744237
0.471667
0.931879
0.899205
0.580229
2.16636
2.63316
2.12787
0.777123
2.50925
0.571675
1.33103
0.492453
1.71786
0.724626
0.957185
0.733922
0.660026
0.880214
0.811427
0.55085
0.370978
0.635498
0.580033
1.1723
0.701655
0.79442
0.521271
0.934119
1.21602
1.21032
1.93041
7.01488
0.656709
0.451427
0.593933
0.960876
0.590546
0.591875
0.924033
1.27146
0.69906
0.984702
0.156129
0.420985
0.47601
0.528936
0.750264
2.39147
0.622865
0.998829
0.403108
0.46778
0.854517
0.932428
4.00131
1.48311
0.545251
1.09523
3.52435
1.15411
0.439279
0.463891
0.825084
0.678973
0.321119
0.47644
0.680412
0.395348
0.93956
0.99693
1.02265
0.399151
0.431529
1.05103
1.55349
0.971688
1.65208
0.93418
0.273085
0.614213
0.292827
0.336399
1.75282
0.858336
1.00932
0.758828
2.67128
1.81548
0.61673
2.19147
0.622592
0.583362
0.443632
1.90873
3.77945
1.65673
1.26828
2.64805
2.2467
0.762033
0.93875
4.00368
0.623432
1.53919
1.12322
0.829197
0.977999
0.469437
0.530241
0.2506
0.91146
2.34678
1.02828
0.849978
0.916563
0.848191
0.973414
0.928599
0.271246
0.451827
1.54323
2.12274
5.15122
1.07837
0.644601
0.87779
0.611292
2.04716
0.684958
1.01134
0.761118
2.41866
0.836297
0.581088
1.37739
4.90912
0.780446
0.638186
0.515732
0.41244
1.85783
0.540891
2.78371
0.712072
1.00955
4.01244
0.856155
0.393193
0.214298
2.13633
1.0505
0.701242
0.758639
0.353629
0.957506
0.646784
0.280112
1.71748
3.5231
4.58456
0.48021
0.613071
0.672577
3.21469
0.486038
0.605953
2.38246
0.302549
0.998088
4.00633
0.569967
0.647883
2.53815
2.44567
0.827386
1.64161
1.99122
1.54721
0.575018
0.662608
3.54694
0.662324
0.479394
3.80341
1.32556
0.944502
0.204292
0.824888
0.637867
1.08324
0.964691
0.708323
8.37698
0.918554
0.679735
2.6224
3.19023
2.46473
0.786533
4.00034
1.41023
0.421108
1.59801
0.627618
3.37165
0.93807
0.719083
0.809051
0.9109
1.48391
2.26539
1.76035
0.852708
5.01943
0.833302
0.832397
0.701109
0.308051
0.769741
0.826823
0.66088
0.818595
0.950315
1.99705
1.21543
2.66013
0.939939
1.54737
0.497191
2.93326
0.422724
2.31123
1.20932
0.83962
0.432039
0.945411
0.359103
0.927002
0.701878
0.95864
0.878664
0.931888
1.33644
0.368876
0.364382
0.667375
1.17032
0.333622
0.634032
2.16316
0.913525
0.954851
0.949528
0.776529
0.876801
0.531157
1.5984
0.702965
0.977708
1.38767
0.702555
0.510589
0.561471
3.21499
0.230897
0.630187
2.59794
0.711515
0.579653
0.772485
0.866668
0.466933
0.62249
0.585911
0.945923
1.62806
0.765782
0.895485
0.652648
0.719597
0.42867
0.972076
0.529067
0.212879
0.942733
0.635309
0.383359
0.657178
0.744109
0.256758
0.47731
0.48996
1.21439
0.72753
0.970415
0.838758
0.590681
4.60714
0.248409
0.680908
2.99038
0.702392
0.50232
0.364107
0.493275
2.35035
0.86638
0.939182
0.94236
2.26732
0.465984
0.354765
0.625745
0.887668
0.638739
0.538921
0.407301
0.967562
0.396229
1.59645
2.79874
0.970107
1.46738
0.876253
0.676086
0.937995
0.419495
3.172
0.333585
0.440594
1.70642
1.78796
7.93579
1.40517
1.50188
0.448221
0.975368
2.86523
0.601025
0.884419
0.829358
3.99955
0.909361
0.819696
2.29763
2.35394
2.7954
0.866265
0.986768
3.33479
0.698799
2.92741
2.08423
1.05887
0.712893
0.728317
0.462055
2.07086
0.902274
0.888887
0.709639
0.780481
2.63213
0.839406
0.712976
0.909239
9.275
2.0395
2.75559
0.602927
0.244389
0.483758
1.09311
1.65599
0.829756
1.56155
2.1784
1.04914
0.513499
0.991327
1.46847
1.43762
2.85156
1.55771
1.19873
0.732838
0.782541
2.39468
0.468932
0.788669
0.239075
0.370186
1.5915
0.696051
4.0102
1.78508
0.857536
0.383161
0.507319
7.04312
0.74162
0.889229
0.411087
0.944222
0.410181
0.602417
0.658137
1.89506
0.982152
0.830982
0.734939
0.634748
0.632148
2.1493
1.5387
0.490843
3.04252
1.58657
2.80573
0.883562
0.460427
0.731952
0.415617
0.317271
0.675693
15.9364
0.787255
0.404199
0.558417
1.99652
0.50352
0.186923
11.7011
0.886076
0.999798
5.10213
0.383098
2.60728
0.14665
1.21201
0.698932
1.06954
0.205324
0.340487
0.417655
0.508551
0.918897
8.30985
0.286521
0.872488
2.84873
0.659998
0.378685
1.93046
4.00295
0.663082
2.24918
1.55456
0.596304
0.666527
0.380176
0.875395
0.783049
0.664745
0.670753
5.63036
0.362643
1.73382
1.83417
0.466898
2.36331
1.61196
0.882991
1.14125
0.86953
2.13046
0.640752
0.910011
0.739462
2.31346
0.566065
0.70662
1.09799
0.935188
0.67162
0.930124
2.56545
9.85219
0.64728
0.835063
0.975205
3.783
3.84399
0.618377
0.428373
0.880727
0.401982
2.12562
1.40968
1.28839
1.28342
0.612701
0.680532
0.955763
2.00863
0.744841
0.609843
1.19926
0.688077
4.22156
0.620007
10.3917
2.9453
0.355378
0.460301
0.937563
0.648609
0.75465
0.986409
1.79424
5.92891
4.08761
0.338346
1.21637
3.06385
6.91814
0.978295
0.532555
0.209966
0.618549
1.9738
1.87731
0.314704
0.396269
2.88339
0.766041
0.894631
0.36961
4.74909
2.31011
0.824765
0.542184
0.442448
0.731267
0.397992
0.474933
0.399661
2.47859
2.40339
4.7395
1.10125
0.400889
1.31243
0.738005
2.8566
0.967498
0.935909
0.704731
0.656076
0.368795
1.24201
2.88846
0.967053
1.58397
1.36901
2.0604
0.530244
1.62186
0.727775
0.394933
0.689172
0.393859
1.91801
0.63973
0.562645
1.6561
0.911401
0.869775
0.625407
0.284316
2.27413
0.978986
0.763775
0.81783
0.253173
1.11226
0.360825
0.712271
0.946542
1.58315
0.313341
0.663242
0.232033
0.746355
0.203647
1.64783
0.979708
0.688875
1.52586
0.497337
1.75836
1.88928
1.08587
0.450876
0.786761
0.562988
0.906129
1.15383
0.4292
0.119071
1.35232
0.956049
0.83192
0.607365
0.30967
0.260913
0.753848
0.364505
1.58235
1.384
4.11421
1.15187
0.917494
0.422024
0.212567
2.93621
0.589053
6.19806
0.781212
0.919666
0.638955
0.964469
0.924095
0.943548
0.171463
1.84925
0.692477
0.711994
5.439
2.73961
2.38261
0.539814
1.57101
0.794074
0.546619
5.52857
0.205714
0.989282
0.709186
0.959905
0.691071
0.971746
0.81051
0.806286
3.67581
0.666313
1.35852
0.582237
1.63072
0.544705
0.940639
0.621298
2.73401
0.981995
0.921119
0.720554
0.925307
0.984871
0.879118
1.52031
0.444297
0.664256
0.757966
2.0658
0.990217
0.637936
1.10767
0.657434
0.786042
0.662937
0.650618
0.301438
0.755124
3.74526
1.07874
0.434858
0.947185
0.661411
1.80833
0.139481
2.06114
1.13766
0.442715
0.689014
3.6339
0.653568
1.09672
2.70583
0.357715
0.699752
0.277268
0.304838
0.78452
0.259306
0.502776
0.780516
0.919907
0.36045
0.894009
0.537276
0.476135
0.261065
0.451714
1.47769
0.493204
0.917046
1.84455
0.631058
0.816927
0.536249
1.90832
0.596902
0.824816
0.66942
0.881675
0.69461
0.664721
0.835269
0.67858
1.47243
0.851288
0.512662
0.775696
1.65604
1.23003
0.960283
0.610308
0.581298
0.619205
1.79723
1.20412
1.80417
0.997986
0.261035
0.285064
0.134304
0.620227
0.794263
0.89878
0.832648
0.821696
0.849517
0.830372
1.57781
0.975698
0.946337
0.778065
0.811654
0.247644
2.23734
0.882919
0.986703
0.933228
0.645706
0.400594
0.664118
0.435755
2.26403
4.71013
0.852491
0.819034
0.87635
0.253929
2.18649
0.738987
0.915034
0.187378
3.77179
0.233611
0.538891
2.60997
0.537144
0.623574
0.981952
0.984891
0.71962
0.882432
0.749015
0.831648
0.642449
4.00724
0.922634
0.895116
0.790774
0.240308
4.8976
1.55291
0.982523
0.535999
0.337026
0.981491
3.6818
0.833167
0.894489
0.966164
1.66481
0.838004
0.554497
0.883603
0.470982
0.537597
1.20063
1.51063
0.83409
0.937872
0.773076
4.02056
2.69456
0.138364
0.886544
0.900375
0.371721
0.923091
1.14846
0.931629
3.92318
0.986209
2.87591
0.844306
0.559955
0.260202
4.01228
1.74086
0.879267
0.645241
0.571478
0.911371
0.970337
4.00351
0.954292
0.712588
0.482024
0.565384
0.973185
0.52678
0.574375
2.62872
4.00891
0.809703
1.28845
0.597551
0.591215
2.92328
0.638035
0.927489
0.951361
0.747421
0.591763
2.52383
0.284006
0.853697
2.39972
0.662169
0.931514
0.974316
0.846129
1.14575
0.172735
0.389932
0.556688
1.22964
1.30851
2.30734
0.734398
1.28505
0.559117
1.71384
0.608419
0.787938
1.85413
0.748573
0.922076
1.55772
0.184051
2.6373
0.628813
0.954985
0.876506
0.993193
0.663997
0.938769
1.62482
0.864385
0.730007
1.77135
0.70048
0.779828
0.949939
1.27667
0.78684
2.06849
0.770248
1.79329
4.00277
5.0086
1.67091
1.08536
0.801073
0.472299
1.71308
0.574251
1.39565
1.29861
0.568414
1.10182
0.582271
0.934707
0.697568
0.545376
0.928518
0.590548
1.05084
0.338841
0.473941
0.812152
2.17557
0.878572
2.11099
0.889353
0.843739
0.636472
0.676803
4.01165
2.49411
0.840407
0.848732
0.981103
1.25671
1.48229
0.753634
0.48559
1.10739
0.700015
1.44029
1.47423
0.98836
0.889676
0.619944
4.00517
0.179543
0.501573
0.776706
0.891367
0.370475
5.54209
0.625689
1.40082
1.10265
1.0171
0.776019
0.943088
3.27924
1.56949
0.982218
0.40739
2.08325
0.611265
1.87995
0.698942
0.994632
2.19196
2.0971
0.976426
0.279283
1.44444
0.590886
2.75007
0.333046
0.590421
4.55292
0.845309
0.934947
0.651267
0.94712
0.801199
2.27958
0.302351
1.95244
0.879369
1.21941
0.495933
1.44857
1.31269
2.18388
0.782103
0.419557
3.8326
0.263017
0.632187
1.73134
0.206183
2.60554
0.838945
3.10877
0.517587
2.43903
0.944186
0.897981
0.460116
1.2037
1.49101
0.191458
0.979245
1.48255
6.91192
0.938427
0.421104
0.693775
0.930496
0.996401
0.861922
3.16247
1.40708
2.52458
0.452228
7.33543
0.958072
1.66545
0.784157
0.467541
0.732651
0.876284
0.928191
1.90344
0.462496
0.738651
0.996064
0.747796
0.909323
0.814686
0.890669
0.562946
9.00941
2.85466
0.971655
0.914407
1.37495
0.865027
1.16988
0.665024
0.871715
2.10947
0.284691
0.95786
2.01137
0.484282
0.923026
0.805525
0.567943
5.45815
1.25785
1.78193
0.847639
0.89867
1.72016
0.613507
0.96036
1.15204
0.473872
1.09549
0.443159
0.442624
0.692153
0.571432
0.794077
0.485634
1.00192
1.0738
0.699781
0.663642
0.711058
2.82706
1.99405
1.9852
2.13278
1.80184
0.942699
0.253131
0.317129
2.6937
0.550571
0.928584
0.613089
0.539848
3.204
0.0928442
0.626831
1.89682
1.20647
2.4601
0.68896
5.25788
0.622101
0.308803
2.66757
0.124101
2.00405
1.34056
0.408128
0.861198
0.722767
0.694484
0.7668
0.854748
0.567155
2.862
0.798514
5.38317
1.72756
0.820507
0.593954
0.639621
1.11212
1.01833
0.546298
0.730646
0.608307
2.02461
0.79916
1.34646
2.25549
0.621427
1.28917
0.663643
0.947056
0.414544
0.564604
1.4384
1.36778
0.583588
0.608824
0.308375
0.739018
0.750205
0.859272
2.27357
0.683492
3.02443
0.450397
0.281887
0.950627
0.770773
2.24709
0.177797
0.680456
0.659551
0.376289
0.192354
0.70721
0.589168
5.48279
0.777712
0.948624
0.704647
0.470447
0.948014
0.760804
0.88398
0.793246
0.819941
0.877078
0.825461
0.941515
0.902882
2.71035
4.00614
2.11275
3.00805
1.38788
10.3304
0.97024
0.387362
3.99984
0.417321
2.07612
0.82501
0.878434
0.440835
1.77283
0.531511
2.44068
0.965438
0.962783
1.36706
2.05002
0.778521
0.52555
0.424414
1.26296
0.398998
0.542226
0.780782
1.69123
0.388406
0.817192
0.56719
11.5545
1.86809
2.52913
1.11052
0.813406
0.660089
0.782796
0.337899
0.910485
0.20681
0.780526
0.973998
0.893742
0.572737
0.308443
0.577915
4.00276
2.78416
7.81145
0.554169
2.44995
0.816096
0.57637
0.961487
1.62041
0.703853
0.756422
0.326458
1.58486
0.760753
1.45144
0.915065
0.333603
0.962928
0.783143
0.438388
0.261046
0.586399
0.709029
2.78873
2.2313
2.13437
0.344574
0.719912
9.88741
0.776318
1.31662
0.881315
0.98415
0.61398
0.474564
0.0453131
0.807626
0.885328
2.09137
1.07505
5.51206
0.535224
0.563554
0.485333
2.42234
0.445098
0.417429
3.63221
0.476109
0.724036
0.692629
1.65261
0.946681
0.722948
0.965369
0.44388
0.789029
0.779226
0.177039
0.579301
0.98568
0.806064
1.59161
0.693153
2.52878
0.958944
0.872712
0.504981
0.292604
0.97095
0.565821
1.33133
0.603737
0.955743
0.883555
0.937421
0.855085
0.584398
0.46348
0.659933
0.90886
1.17506
0.377383
0.33743
0.51222
0.948141
0.782736
2.03341
1.92719
0.703022
0.97897
1.50978
0.601235
6.99435
1.00831
0.621073
0.649452
1.91576
1.90358
3.06661
0.635774
0.799589
0.681273
0.648075
0.48158
2.50555
0.478406
0.807981
0.947935
0.694341
0.878149
0.485991
0.426694
2.03931
0.931604
1.27759
0.893046
0.695989
0.834279
0.484305
0.508108
2.69949
0.945994
0.928027
2.11398
0.922923
0.673108
4.01378
0.631415
0.57013
0.722841
0.815706
0.528776
1.06118
0.453692
0.500641
1.05705
0.399724
0.671938
2.01737
5.25388
0.939044
0.888919
0.542779
0.519865
0.530568
0.9076
0.694514
2.89597
0.885131
0.877355
2.11541
0.765804
0.848376
0.49449
1.38088
0.882
0.793373
0.264089
0.871475
0.632212
0.811097
2.14975
0.652994
2.13856
3.41827
0.0987146
1.68215
0.618392
0.807694
0.855538
0.595822
1.86521
0.493066
1.68383
0.657435
0.564022
0.422596
0.56424
0.750206
2.36644
0.898381
5.31095
0.919403
0.91497
0.364571
2.02173
0.780718
1.09206
0.730104
1.18523
0.547573
0.980529
0.344267
0.417887
2.35049
0.555634
0.523854
0.671171
0.780396
0.978792
0.721719
1.23959
0.181029
0.378846
0.953768
0.721797
1.39471
0.378851
0.639264
0.691728
0.364614
0.215265
5.85136
1.20393
0.762017
8.34497
2.94242
0.572302
1.06863
0.632476
1.11802
0.849674
1.55695
0.716006
0.610602
2.72106
0.669229
0.855143
0.463926
1.21826
2.01273
3.33392
0.422632
0.839592
0.776427
0.606624
1.43838
0.959563
2.30266
1.50245
0.605855
0.473056
2.48038
0.534826
3.40806
0.941384
0.580457
1.93681
0.532027
0.437531
1.36716
0.482719
0.813776
1.70963
4.40938
0.926502
0.54597
1.31552
6.89134
2.60686
1.67427
2.49202
2.13778
1.36394
1.64117
2.10074
3.22154
10.3627
0.920725
0.402245
0.816466
4.62527
1.14144
0.488747
0.896539
0.225087
2.70267
0.513616
0.70494
1.84177
2.22749
0.404403
0.568209
1.54071
1.90155
0.475025
0.30092
0.582227
0.742107
1.26892
0.635702
0.405691
0.805555
1.80146
0.473466
0.370763
0.544789
0.686741
2.56525
0.696208
1.50189
4.61845
0.415837
0.466317
0.585459
0.908084
0.883766
0.658043
2.6388
0.716029
0.212629
0.895251
0.504705
0.485178
0.424306
0.669217
1.20847
0.680508
0.916601
0.592631
0.86335
0.555671
0.709734
0.851917
2.08723
0.685819
0.19233
0.372155
2.17958
2.1133
1.47427
0.490325
0.601477
4.16407
0.984867
0.426998
1.64962
4.00078
0.390109
0.941598
0.0975367
7.9584
0.199006
0.970912
0.310403
0.999907
0.816915
0.938555
1.10778
0.595219
2.86381
0.977348
0.188364
3.46732
0.92669
2.06151
0.21146
0.290318
0.562717
2.00047
0.866242
0.809122
1.32287
2.17315
0.515599
0.574775
0.773397
0.822338
0.77437
0.959347
0.839774
3.87288
0.668937
2.10951
1.50931
1.32292
0.719944
0.387003
1.01042
0.651306
0.811362
0.894879
0.90186
0.808653
2.05895
0.388601
3.00164
0.334124
0.969547
1.40036
1.06102
0.730599
1.08264
0.381857
1.25095
1.949
0.654257
0.824001
2.20931
2.1373
0.490175
0.589001
0.853464
0.355036
0.786568
0.912644
0.405569
0.812449
0.730881
0.649876
1.10203
1.5919
0.975659
1.17176
0.423743
0.554337
0.782134
0.770295
0.76743
0.571308
0.665666
0.369125
0.528374
1.06207
0.988696
3.54056
6.0789
0.491862
1.62329
1.55333
0.698953
0.871675
0.903072
2.43978
0.574345
1.05646
0.280304
1.00476
0.415223
0.462941
1.51715
0.508237
0.779551
0.621203
0.365257
0.993152
0.691693
0.539847
0.683434
3.97237
1.85618
0.843673
8.21516
0.672279
2.47929
5.86059
8.93728
0.417267
0.870081
0.602555
0.487967
0.644165
9.19842
0.943855
0.659673
0.473272
0.926241
0.927322
1.59523
0.519957
0.2055
0.404789
0.817074
1.55018
0.794969
0.816665
0.612668
0.622338
0.616785
0.557864
2.21179
2.73099
0.916774
0.594755
0.953749
0.428974
0.606198
1.60854
0.94871
0.705653
0.862413
1.56669
1.35801
0.620988
1.62353
0.543258
0.651009
1.48551
0.583397
0.851363
0.850405
0.726174
0.918794
0.82972
0.970252
0.257951
0.688602
4.00979
0.55557
1.58243
0.791167
1.04358
0.502217
0.760728
0.923714
0.144918
0.766847
1.47957
0.164697
0.98203
0.980984
1.8528
0.882566
0.622614
0.836688
0.767233
0.526251
1.69443
0.542989
2.60304
0.328899
1.61643
1.92689
0.426295
0.529337
0.192037
0.546872
2.36168
0.780643
0.518259
0.848797
0.237422
1.80884
12.5844
0.338315
0.679468
0.550579
0.791669
0.887696
1.78954
0.95933
1.19349
0.573259
2.11317
1.43142
0.772511
0.945613
0.307597
0.709019
0.228812
0.443389
6.90637
2.27049
0.926809
0.606935
2.20682
1.31114
1.73044
0.928321
0.504103
13.4743
1.60212
0.285363
3.85468
1.94018
0.964184
0.658658
0.345255
3.99804
0.891555
0.834829
0.962212
2.62072
2.90355
0.798108
8.60262
1.99778
0.660727
2.9136
0.665974
0.555268
0.751724
0.737657
0.58464
0.685979
10.0459
0.663066
0.713667
0.382409
0.536643
0.344908
0.630789
0.867656
0.921484
0.91468
0.688318
1.32482
0.847949
0.465246
0.435638
0.593745
0.95202
0.864727
11.1717
0.270764
0.785651
0.422575
0.588088
0.493522
10.6803
0.523225
0.758485
0.965369
1.39442
0.482716
0.459187
1.62563
0.588943
0.664248
0.933795
1.54293
0.914388
0.310995
1.01569
1.42427
0.822651
0.4473
0.585149
2.02279
0.924649
1.07268
0.926535
0.256786
0.395793
2.05701
0.884683
1.29155
0.488136
0.483654
6.67396
1.52303
1.34942
0.578288
0.642349
0.52691
1.69215
2.76533
0.965942
0.387385
4.28006
0.632438
0.852388
0.708843
0.824452
0.874592
0.889757
0.82263
0.337233
4.88452
0.8489
0.987591
0.758008
0.661367
1.4122
0.682655
1.22276
2.08764
0.596419
1.24063
0.981894
0.911181
0.598456
1.85277
5.28942
2.3206
0.824164
2.02625
0.534668
0.769189
0.783599
0.783486
0.928916
0.524754
0.52806
1.57588
0.389171
0.24377
0.414521
7.09784
2.10429
0.513578
0.338502
0.605615
0.728072
0.233207
1.17898
0.581531
0.61356
0.629505
1.64847
1.05534
0.641456
0.784601
1.16587
1.31697
10.2699
0.81993
0.543538
0.921496
0.87588
0.709366
0.317711
1.09757
0.930271
1.64646
0.481149
1.26797
0.412989
0.463538
0.918811
0.505132
0.429853
0.99397
0.707609
0.774031
9.98142
0.988127
0.723837
0.770248
0.700242
0.613859
0.50116
0.516028
0.362724
2.66899
0.926737
2.82791
2.85161
2.77434
0.708309
0.449846
0.350554
2.29415
0.937677
0.833667
1.83138
0.901319
1.09085
0.362761
2.5563
0.434598
0.300545
0.823058
0.57283
0.857334
0.492827
4.33405
0.533617
3.43598
0.736153
13.3604
3.7321
1.53407
1.72009
0.431918
0.281695
0.426578
0.763156
0.355771
0.992164
0.680542
2.28839
0.982474
0.118076
0.616229
0.935625
0.828861
0.568369
0.833771
0.85653
0.106319
4.7897
1.4993
0.624242
0.313767
1.12387
3.2301
0.474205
1.91688
1.16475
3.87623
2.90151
1.84464
0.820976
0.574765
0.841611
4.01256
3.29096
6.12334
1.79571
0.66539
0.931484
0.552197
0.803404
0.451978
1.75989
0.726329
1.1439
0.716019
0.873293
0.932589
1.522
0.933186
0.443328
0.783382
0.997898
0.372196
0.776861
4.65708
0.63489
3.68584
1.53001
1.01012
3.37212
1.83308
0.96863
2.03885
0.733567
0.9352
0.637282
0.361563
0.808538
2.00772
8.51366
0.557926
1.31344
0.270916
0.992323
0.615803
0.720646
0.883878
0.441316
0.917787
1.36912
0.770956
0.768106
1.13463
0.971021
0.825589
1.2995
2.09737
0.750831
0.723249
0.626847
0.697145
0.852755
0.641262
0.892676
1.21648
0.546471
1.87108
0.448964
0.616715
2.31447
2.07482
1.5587
0.231353
1.02899
0.864302
1.19026
1.77166
3.18658
2.30724
0.307617
0.941758
0.716246
1.4692
0.659912
0.17456
0.717898
0.510413
0.869075
0.714502
0.950721
0.290096
0.355352
4.01572
0.837354
0.751889
0.737359
0.515475
0.906086
0.635915
0.89079
0.34506
0.421185
0.427147
0.933528
0.925625
0.133346
1.24495
6.4799
0.686993
0.985444
0.91535
0.95959
0.440649
0.925059
3.36395
0.461022
0.923941
1.81839
0.883712
0.805787
0.662818
1.14841
0.572371
1.13607
0.775988
0.603307
1.39773
0.993404
0.416131
0.249019
0.992852
0.930089
0.934249
0.955126
0.677387
2.31881
0.629951
0.965279
2.15454
0.831117
1.40754
0.427214
0.80748
0.975608
0.769461
1.6032
3.99987
0.470477
0.969716
0.621825
5.04623
0.326576
0.626388
0.783851
0.453265
0.478005
0.79349
0.907152
3.95322
0.984766
4.0004
1.10705
2.5763
0.723036
0.732815
0.476191
0.915249
0.921053
3.99433
0.980397
1.70062
10.6179
4.01164
0.941547
1.30587
2.24747
0.150149
0.93085
0.186132
2.0465
2.91381
8.45098
0.357212
0.129487
0.576551
0.825448
1.00611
0.297139
5.37932
0.448196
5.05734
0.817784
0.566589
1.39966
0.543799
0.42166
1.22138
0.777508
1.27156
1.90757
0.475089
0.597768
0.646751
0.656269
2.00506
0.594974
0.639226
0.940872
0.912346
0.321746
1.0497
0.954581
0.858565
1.05978
1.2366
0.789642
0.313097
1.24715
0.923139
1.86165
0.968701
0.417543
2.34776
0.905151
0.912575
0.78665
0.783108
0.588792
7.00987
1.73352
0.425936
0.655462
1.91978
0.484722
0.790878
0.921273
0.869511
1.66176
1.72138
0.727483
0.241375
2.8748
1.63137
0.908682
0.385355
0.358133
0.558116
0.480556
1.9165
3.52891
1.87336
0.253968
0.943663
0.451224
0.29941
0.331606
1.48397
0.757246
0.415344
0.658221
2.10155
1.7768
0.884563
1.61117
0.621539
0.511618
0.634597
0.979446
0.38245
0.479604
0.610719
0.147275
0.420586
0.430121
0.966433
0.413452
0.634487
11.2819
2.40376
0.24078
0.791891
0.718252
0.866414
0.954225
0.625776
0.859107
0.578046
0.452975
0.838464
0.223271
3.78844
0.246948
0.996755
0.941943
0.508671
4.42916
0.512019
0.945664
2.12524
0.909547
1.28574
0.678931
0.495757
0.580931
0.947303
0.839968
3.3556
0.490405
0.886095
0.897182
4.00368
0.478695
0.423753
0.88209
4.00418
0.665294
4.00157
0.67858
0.538799
4.22102
1.14181
1.87296
0.305304
0.814381
2.92256
0.492826
0.833025
0.459987
0.443902
0.383761
3.7031
3.99461
7.02158
0.346485
0.983109
0.795231
0.176479
0.861538
0.943802
0.0864444
9.52302
0.834497
10.1661
0.356977
1.8962
0.769372
0.35295
4.00046
0.605472
0.92318
0.943825
1.61809
1.005
0.540486
0.927284
0.920877
0.718007
3.99678
0.801348
0.980361
1.41138
0.776556
0.94827
2.92424
0.94706
1.63834
0.339638
0.793507
0.789878
1.87471
4.79629
1.54339
0.614486
1.27622
1.33381
0.744661
0.591322
1.64537
1.63964
0.207113
2.72907
0.977868
3.83626
0.843874
0.53397
1.75018
2.67071
0.108206
0.908499
0.338898
0.566996
2.58512
2.78521
0.782083
2.31499
0.892529
2.39098
1.51185
0.84536
4.01126
0.353893
3.42821
2.71084
0.947978
0.754193
0.776142
0.652631
0.922979
0.656228
0.296905
0.598956
0.798681
6.42193
0.963113
0.871494
0.747924
2.78873
0.661771
7.01487
0.654874
0.457641
0.462377
0.966083
1.63552
0.581869
3.9999
4.00557
0.867968
0.860956
0.638421
1.00277
4.01226
1.55349
0.422084
0.221742
0.346931
0.913382
0.944425
0.640212
0.760669
0.828875
2.77749
0.516337
5.02811
0.638708
0.992243
0.722151
0.903589
1.03817
0.44392
0.256716
0.834826
0.566211
0.741605
0.644196
0.851911
0.348273
0.931707
0.910085
1.2867
0.421047
0.380654
4.00576
0.859141
0.96479
0.820787
0.701996
0.664757
1.60213
0.636006
0.350666
0.904771
0.698633
0.783626
1.54902
0.761428
0.460011
1.92214
0.262113
0.712686
1.61494
3.57262
0.750047
0.596166
2.50967
0.985791
0.603632
2.90441
1.86706
0.604275
11.1717
0.609637
0.258954
0.646983
0.289673
0.258395
0.970174
0.931023
0.337728
0.895933
1.13316
0.555525
2.46752
0.663513
0.496185
0.141345
0.701583
0.741247
1.87485
0.770136
0.602763
1.50471
1.04658
1.72071
0.720207
0.64242
2.52701
0.571319
0.687689
0.751963
0.93968
0.492052
0.915779
1.67231
2.94333
0.529247
0.891629
1.23802
0.803208
1.57939
0.98149
0.426544
2.02627
0.906863
0.991026
9.80265
1.47818
0.799774
3.54623
1.6656
1.96986
0.778456
0.493442
0.153924
2.19787
0.40459
3.89138
2.47971
3.21388
1.17273
2.30482
0.557917
0.45269
2.88569
1.68098
0.59566
5.75051
0.918456
0.775327
1.00816
3.60157
2.24184
1.66832
0.390356
2.33869
3.47702
3.12518
2.92455
0.747669
0.769321
0.995504
0.558649
0.934287
0.314241
0.949375
0.76018
0.743394
0.818518
3.28501
1.04376
0.28954
0.252614
0.380294
2.09029
1.14661
0.6279
0.557352
0.425391
0.572424
0.490774
0.925559
1.34608
0.784828
0.682602
0.904129
0.225811
0.653168
0.698126
0.519691
0.445087
0.889339
0.809772
0.922329
1.52481
0.824368
0.395762
0.486385
1.88184
0.481665
0.628771
2.75146
0.49284
0.696523
0.863562
0.418357
0.818221
2.56811
14.5687
0.465806
0.374723
3.42813
0.685919
0.704794
0.902783
0.639407
1.69689
0.548601
0.551919
0.577583
0.894976
0.602575
0.510172
0.562038
0.986227
0.470115
0.976907
0.199874
0.58689
0.462725
0.883603
2.65214
0.593292
3.99702
2.50589
1.82468
0.992669
2.53121
0.808009
2.97206
1.97901
1.35764
2.1043
0.906964
0.253848
0.494203
0.375401
1.3344
3.99884
2.27309
3.99841
0.86769
0.903938
1.75207
1.24518
0.25449
0.364106
4.75862
3.51875
0.914558
0.680991
3.92591
1.03173
0.587634
0.947491
9.95567
1.96801
3.14396
1.41999
1.60399
0.285068
0.921786
0.863895
1.01545
0.710782
0.805401
2.57332
0.892263
0.515625
0.942686
0.264879
0.675536
0.504375
13.0938
0.611839
1.6035
4.01561
1.14087
1.82435
1.05476
0.67326
2.00031
0.744231
5.52214
0.945357
1.49513
0.501629
0.962211
0.93702
4.00882
0.925116
1.65767
0.693229
0.478692
0.682299
1.4387
1.82112
0.46957
1.54832
0.548609
0.655617
1.17371
2.9826
0.704943
0.865886
0.547345
0.893715
0.546236
1.03587
1.04096
1.15707
0.881436
0.828784
0.36445
1.91698
1.04628
0.443326
2.06637
0.285921
0.658648
0.266139
0.833926
2.4905
2.57026
0.959581
1.07194
0.671224
0.370331
0.886238
0.936945
4.9984
0.397174
0.612295
0.822863
0.772299
1.855
0.694055
0.746848
0.778081
0.399006
7.43502
0.519697
2.86534
0.820657
0.95948
0.583963
0.872466
0.624622
0.344925
0.413616
0.297251
0.604075
2.01664
2.94046
2.67422
0.521981
0.828022
0.692345
0.88866
3.30526
0.784775
0.829978
2.03742
0.651611
4.33814
0.991477
1.11567
0.339877
0.66144
2.09182
0.952703
2.05249
0.423479
1.12993
1.92275
0.117271
1.24359
1.10451
0.465979
0.755505
0.4819
0.968754
0.695201
0.933974
4.0223
0.288388
1.31358
3.49131
2.1303
0.265487
0.41811
0.61407
2.31997
0.971462
0.563796
1.09649
0.514991
2.80628
0.658533
1.2165
0.245353
1.4152
1.36438
0.288243
0.410976
0.707911
2.89738
0.620905
0.171628
2.14655
1.12505
1.81804
2.41722
0.818401
0.702278
7.98394
0.917752
2.12069
12.356
0.494786
0.9193
0.978603
0.335204
1.68588
2.29087
0.625257
0.133904
0.90891
0.796485
5.1914
0.788307
0.513912
0.428553
0.421178
3.03732
1.19946
0.472936
0.889835
0.979848
1.64559
3.99819
1.82461
1.15938
1.60979
1.21269
5.50559
0.144268
0.843349
0.769017
0.442365
0.201376
0.603268
1.76536
0.510294
1.81091
4.9117
0.616062
0.460193
2.77328
1.77218
0.591272
0.842389
1.17469
0.791294
0.608936
2.6658
1.09732
0.669316
1.81376
1.24072
0.672534
0.808974
0.477074
8.34278
0.585913
0.655493
0.681286
0.433826
0.989294
0.5684
1.67158
2.90647
0.788514
0.619171
2.35893
0.675292
0.775627
0.559536
0.908499
1.34843
0.76987
4.18178
0.557817
2.52384
1.29259
13.0252
0.887751
0.526804
0.796944
2.01151
0.267176
0.824692
1.37964
0.813215
0.783954
0.622247
1.22533
0.908485
0.967788
0.521608
0.661048
0.32053
0.438187
1.49021
0.842852
0.640401
0.669455
0.526396
0.448221
0.347431
0.470693
0.722385
0.253109
1.48952
0.50908
4.01396
0.488012
0.903059
1.05449
0.660143
1.54067
0.476573
0.3999
2.21854
0.829281
0.550157
0.623694
0.786936
2.96249
0.787346
0.83424
0.894187
0.903768
0.962654
0.848011
1.27445
0.732132
0.868549
1.13936
0.798968
0.668463
0.932251
0.69241
2.09175
0.787088
0.235905
0.457652
0.649788
0.57484
0.558928
0.782751
1.5049
0.870112
1.09201
1.70846
0.656251
0.726574
0.72289
0.398067
0.621504
0.912699
0.468424
1.94889
2.65138
2.6725
1.2755
2.49496
0.543286
0.687696
0.592662
0.787983
0.512193
0.640597
0.807033
4.01129
1.64148
0.983756
1.45224
0.269587
2.08304
0.98473
1.63098
0.821884
5.45521
1.50502
2.49689
0.388304
1.95246
0.223838
0.630226
0.953515
0.805324
0.731023
1.27564
0.725417
0.695006
1.66076
3.09535
0.506482
2.07689
0.653954
1.77226
1.06357
1.61084
3.46671
2.1933
1.8926
1.26998
0.173963
0.161967
0.3094
0.593358
11.3358
0.203246
0.786393
3.50257
4.10032
0.890083
0.843181
0.821783
0.686735
0.898554
0.413708
0.747839
2.45517
0.725357
0.32721
0.904392
0.947479
0.461463
0.120415
2.64172
0.556225
0.695227
2.44703
0.827544
0.691999
0.633805
0.793274
9.91991
4.40076
0.532457
0.655555
1.13419
0.634966
0.898669
1.43415
0.550996
0.826106
0.207642
2.74339
0.847536
0.842474
0.97353
0.715876
0.603
1.17977
1.02781
0.43741
0.559857
0.374822
0.762919
0.674054
0.503376
0.574368
1.12845
0.419167
3.99822
3.73759
2.02901
0.690581
1.60822
2.60981
0.934296
1.39945
0.912401
0.649669
0.506835
0.987181
0.971139
3.29648
1.88949
0.932856
0.35235
0.945263
0.91166
0.966722
1.84102
0.760751
0.792335
0.627515
0.427424
0.605379
0.855575
2.88309
3.99587
1.22281
0.854635
0.774813
1.9627
0.990307
0.300244
0.585991
0.399154
0.170577
4.81997
0.769716
1.34615
0.506423
0.853106
0.786442
0.718515
0.629571
0.925288
3.28257
0.613775
0.883766
0.81413
1.17498
0.38243
0.770819
0.479055
0.781879
0.70108
0.291756
0.811384
0.925448
0.784833
1.40389
0.918402
2.90796
3.51556
0.60676
0.605766
0.303443
6.33463
1.40936
0.939258
0.686244
0.396381
0.983503
0.664524
0.318979
1.20351
0.821812
1.83148
0.781265
0.930635
0.542267
0.989493
0.966491
0.346792
0.456229
2.26092
5.61261
0.792208
0.352794
0.797174
8.1706
4.01439
3.38754
0.935159
0.354311
0.609384
0.885442
4.01074
1.30749
0.890365
1.47265
0.588269
0.951206
0.391071
2.03576
3.29457
1.61957
0.443702
0.782176
0.300723
3.21851
0.813926
0.861239
1.45896
0.525293
0.39074
1.03757
0.700775
0.840057
1.26167
4.00564
0.836425
1.54093
0.900938
7.35769
1.09908
1.24374
0.843279
1.30434
0.930064
0.96098
0.471248
0.370531
2.9521
4.08167
2.70728
0.356098
1.37183
1.15837
0.859459
3.16042
0.631336
3.17146
0.967172
0.403066
3.50013
2.27129
5.14157
0.368718
5.76008
1.06224
4.42966
2.69202
2.87287
1.26899
9.27348
0.977103
0.772246
2.09576
0.930235
0.962348
0.438149
2.10669
0.516582
0.509877
0.599436
1.95701
0.446101
2.19684
0.532283
1.53868
0.904003
3.10847
0.725265
0.434875
0.696266
0.817654
0.754699
1.02327
0.614419
0.965243
0.933729
0.437854
0.764716
0.272983
0.901737
0.933754
0.508786
1.47023
0.651776
8.83466
5.04666
0.881098
3.51497
1.99996
0.749318
2.8354
0.802516
0.85212
0.714214
1.33689
0.963526
1.3517
1.30712
0.382242
0.609063
1.26223
0.852076
2.01158
0.936209
0.28684
0.609204
0.352361
2.78141
0.622084
0.955307
0.607831
0.601996
4.01249
1.61609
4.01077
0.519123
0.636087
0.480993
1.4433
0.992134
2.1745
0.187865
0.772342
0.333109
0.805189
1.33402
2.81161
0.697777
0.975061
0.919702
0.693187
0.405077
1.17435
0.869329
0.159434
1.68429
0.952292
0.405556
1.83361
2.69745
1.11232
0.915554
2.11331
0.856892
1.19874
0.458971
0.678606
0.179516
0.613894
0.764831
1.18957
0.450631
0.508582
1.31261
0.244333
2.58447
2.87011
0.699409
0.674606
0.528417
2.04753
0.645362
0.773413
0.952572
0.439311
0.988039
0.792915
2.09719
0.780508
0.565528
1.71739
0.512507
0.346766
0.810978
0.788514
0.548171
0.568383
0.779578
0.980929
0.571025
3.03026
8.76483
0.986924
1.15916
2.05212
0.408568
0.656211
0.512747
2.11156
0.871668
0.823872
0.442948
0.919793
0.596628
0.275291
0.610407
0.985145
0.428059
0.829925
0.771964
0.216037
9.67091
0.326814
4.00803
0.0975194
1.21257
0.86515
2.20956
1.18227
2.3012
0.453665
1.43414
0.768475
0.967184
0.407446
0.984208
0.50693
0.79469
0.981344
1.76316
0.890853
0.618979
0.399867
0.478699
0.711195
0.92389
0.906108
0.429565
0.975738
0.634656
1.18771
0.932538
0.830531
0.354175
0.871751
1.72799
4.00787
0.850136
4.01638
1.49881
0.836611
2.03281
0.604717
0.989481
0.854846
0.848221
0.937259
0.610295
0.911622
2.3332
0.790282
0.834267
2.23929
0.449059
0.415474
2.32833
0.743516
0.895878
6.34757
0.614129
0.725115
0.791826
1.46949
0.760792
0.679892
0.485314
0.830401
0.912923
0.168442
0.840503
0.541652
0.848045
1.38699
2.03045
0.888353
0.512488
0.88901
1.16289
2.9212
0.798375
2.68114
0.698127
0.907619
2.01908
0.908737
0.583632
0.394606
0.800022
3.73826
0.857899
1.81977
0.856146
0.488951
0.63043
0.462225
0.556916
0.668683
0.228736
1.19433
0.429972
0.512945
0.769889
2.825
0.289218
2.70472
0.342408
0.682223
0.206345
0.277493
1.03164
2.56109
0.297935
3.99439
2.75628
1.38377
0.569248
0.76402
0.750819
0.498441
2.0267
1.04747
0.947051
0.328107
0.929654
3.37116
0.445608
0.866339
0.972981
0.867851
0.646435
0.786268
4.01675
0.49083
0.272485
0.374157
1.04688
0.797538
0.64832
0.661284
1.90445
0.764357
0.55643
0.416942
1.55262
0.312334
1.322
4.01135
12.8179
0.654786
0.837229
0.962232
5.172
1.57378
0.790443
2.56498
0.534015
0.9493
0.178817
0.79817
1.36747
1.29365
0.541419
0.656645
0.838937
0.598121
0.971783
0.874369
2.42827
1.5332
0.777747
0.843988
0.731204
0.731857
0.540294
0.676318
0.571445
0.585193
0.882822
2.43459
0.85533
4.9289
2.82928
0.870234
0.622095
2.42322
0.465563
1.15162
0.860415
5.91572
2.97555
1.00071
1.81405
2.40331
0.533395
0.477935
0.727462
0.951459
0.919246
0.608079
0.222719
0.808177
0.558595
2.30209
4.5959
0.781676
0.461814
0.388458
0.895061
0.967608
0.960232
0.614469
0.921351
1.91199
0.363072
0.707295
5.52439
0.241664
2.3878
0.913886
0.908168
2.54654
0.331688
0.480405
0.483988
3.23585
0.415134
0.923472
7.34341
0.671992
0.951889
1.72004
3.10379
0.700315
0.691501
0.600102
0.540493
0.987899
0.444307
2.73005
0.50046
0.542337
0.987331
3.52739
0.352944
0.657526
2.86319
0.918409
0.721186
0.483201
0.927605
1.71315
0.919571
1.28114
0.596667
0.473121
0.940557
0.830443
0.691149
0.920804
2.22374
0.781366
1.12285
0.756602
1.21412
0.658476
0.808952
1.14258
1.74553
0.652978
0.539292
0.651217
1.89402
0.759368
0.555517
0.70891
2.11604
0.705512
0.20011
0.694468
0.888794
0.325092
0.955393
0.651772
0.520451
0.454971
0.543129
0.380804
0.946924
0.476973
0.537277
4.00197
2.95639
0.588426
0.919157
1.05116
0.502586
1.077
0.86568
4.05961
2.54003
2.92477
0.381435
1.32237
0.533403
1.84309
0.985229
0.411984
0.926983
0.325737
0.199662
2.33924
1.21746
0.486345
1.82108
0.688625
0.63448
1.48528
0.375581
0.375253
3.29725
0.467236
1.77155
0.471296
2.53496
0.537406
0.731982
2.11619
0.161248
1.18208
0.585393
0.694537
4.38339
1.42865
0.821779
4.01329
1.09902
1.18436
0.600101
0.99002
0.876072
1.08551
13.7189
1.57369
0.542718
0.319515
2.07014
1.84401
0.715876
0.965759
0.844136
0.768042
0.922209
0.353111
0.233713
4.00061
1.16606
0.487593
0.893898
0.549399
1.78842
0.66343
0.906008
2.65414
2.952
0.809329
3.56116
0.962605
0.812141
0.540113
0.447941
0.816383
0.7958
0.970695
1.90698
0.4571
3.73794
0.415321
0.759546
0.727898
0.628969
2.44784
1.52793
0.539686
0.845138
0.909965
0.647002
1.03643
0.982245
0.824639
0.986667
0.851651
0.645195
0.75384
0.913838
0.127214
0.595691
1.20975
0.720311
0.949644
0.88448
0.646259
0.520393
1.87207
1.23941
3.2646
0.477076
4.85076
1.08811
0.782292
0.652532
2.42543
0.874921
0.287386
0.936806
0.456477
0.984095
0.669493
0.905721
0.507928
0.93076
0.994955
1.4143
0.613374
2.86429
2.93172
0.966666
0.940979
3.37667
4.27198
1.65179
0.957844
0.777962
3.99925
2.63974
0.871925
0.992007
0.663072
0.933092
0.710587
2.17496
0.877857
1.53223
11.0047
0.587992
0.598096
1.00847
0.997469
0.848688
1.3601
0.662279
0.341167
0.83785
0.505304
0.498427
1.79862
0.679148
2.1236
3.13916
0.540615
0.996069
0.220471
0.982922
0.439137
0.95613
2.42611
0.734213
0.730178
0.680258
0.914911
0.822726
0.81342
0.477031
0.443366
1.69588
0.972451
5.15795
1.34867
1.581
0.689314
1.5936
0.129067
1.58221
0.710034
0.786985
7.04532
0.894092
0.658398
1.11137
1.4841
0.37931
0.991546
1.20308
0.830505
0.80447
0.643163
2.52838
8.12455
1.08145
0.860457
0.800267
2.14286
0.461874
1.24404
15.5337
0.481048
0.424796
3.83548
0.639726
0.77107
0.487348
0.789223
0.757374
0.740129
0.695732
0.898901
0.625613
0.412786
2.85846
0.349007
1.14371
0.680381
1.13834
0.760175
0.693801
0.59821
0.811431
0.549378
0.809919
0.949499
3.29226
0.588447
3.04002
0.621299
0.821689
1.34117
0.336786
0.751606
2.09701
0.459196
0.938199
1.54751
2.54035
0.897157
1.45991
0.524268
0.722885
0.130291
0.37945
1.01001
0.765088
1.72611
0.682056
1.72869
0.594993
1.64659
0.352732
0.73742
0.729836
2.50411
0.57635
0.387387
0.919112
1.81678
0.487504
0.689621
0.440515
0.866027
2.13046
0.570906
0.459531
1.12561
0.629261
0.647396
0.470607
0.407365
1.93237
1.36811
4.20992
1.37284
0.667688
0.990935
2.77788
0.993364
1.2608
1.45893
1.72226
0.802445
0.93212
0.763057
0.569056
0.5173
0.326337
0.431725
1.31021
0.759163
0.855748
0.772366
0.798397
2.75514
0.201317
0.92096
0.433287
4.83991
0.457316
1.42282
0.385346
0.673405
1.62502
0.340312
0.564892
0.328506
0.402436
0.731779
0.92703
0.959417
1.00312
0.36545
1.41038
1.1191
0.542531
0.55724
2.18717
2.61799
2.24735
2.24326
2.62756
1.41441
0.575931
2.65695
0.948724
0.188358
0.942881
2.11242
1.56412
2.48411
1.49423
0.432437
0.986613
2.67863
0.40745
0.94182
0.500087
2.11952
0.602307
0.408912
0.974613
0.781249
2.29497
0.867477
0.656641
0.503307
16.0926
2.33332
0.421595
0.520323
3.1163
0.876442
0.358452
0.354594
0.727525
0.364832
1.98887
0.811937
1.30397
3.60955
0.706294
1.57371
2.42926
0.570098
0.562769
2.11335
1.23047
0.571407
0.977934
0.572581
0.280033
1.03217
0.175508
1.14242
0.859713
8.50866
0.742719
0.972082
4.01366
0.697322
0.910428
3.23154
0.584204
0.383497
0.778285
0.975463
2.22184
4.70103
1.74544
1.19689
0.826791
2.94225
0.712919
0.60741
0.215886
1.01845
0.230118
0.544204
2.15855
0.845197
1.44482
0.799316
0.984985
0.536957
5.57598
1.49827
0.877964
0.949282
0.829388
0.80237
0.524128
0.361665
0.898006
1.03043
0.530358
0.726999
0.430973
6.54874
0.398436
1.82524
3.5006
2.24192
0.597069
0.675189
1.00505
0.509801
1.14818
2.43197
0.996004
0.743093
3.39767
0.873907
1.64526
0.609908
3.27594
0.540493
1.56566
0.783871
3.0972
0.710873
0.966385
0.754827
3.23715
0.76117
0.851913
0.793934
0.602407
5.16266
0.993061
0.95999
0.4326
0.355014
0.678369
0.452593
0.527464
0.587815
0.926699
0.867305
1.89867
0.627098
2.03806
1.44222
0.936816
0.500185
0.326466
0.632106
0.25374
1.59153
0.891411
0.352045
0.58426
1.11759
0.504348
0.542934
0.621886
1.10593
0.817328
2.09698
0.884458
0.504958
0.953365
0.18998
0.651145
0.81352
1.59259
0.685138
4.00758
0.877859
4.00725
1.2734
0.313336
0.535116
0.64363
3.89382
0.311658
2.27493
4.00616
0.357906
0.751368
0.996174
2.8321
0.704341
0.984514
0.527306
2.18202
0.534016
0.99656
3.61889
0.969701
2.43799
0.787542
0.458752
0.871027
0.204479
0.930124
2.64608
0.795073
2.96144
2.09299
1.95314
0.66183
1.61692
2.39337
1.22437
1.87823
3.10428
0.943841
0.126881
0.574297
0.661788
9.42165
0.770946
0.387147
1.02254
0.845917
0.791984
0.845808
0.559201
2.13211
2.73822
0.980907
3.63165
4.00573
2.16541
0.600005
0.636924
2.32619
0.301777
0.89938
0.641004
0.970356
1.85205
0.561088
2.14442
0.389164
0.997758
12.286
0.385554
4.85313
0.465075
1.30544
0.723959
0.920433
0.720633
0.894431
0.502348
0.498709
0.966618
0.818057
5.31988
1.10356
1.55287
0.750939
0.817638
0.977525
1.60631
0.69422
0.760623
0.758742
0.522124
0.422456
0.896748
0.531841
0.712175
0.980213
0.874902
4.00157
0.584184
0.791759
1.01136
0.6418
0.686182
0.741247
0.899362
0.239734
2.40399
0.892127
0.589111
1.11658
0.437261
1.05187
0.696892
0.397386
0.934617
0.711375
0.937085
0.98653
7.73656
1.07758
2.56507
7.4008
0.854973
0.875717
0.680327
0.937871
0.843438
0.861975
0.893139
0.603063
0.947864
1.88736
0.499008
0.784192
0.383194
1.26968
0.623011
0.83544
1.14076
0.323133
3.57777
1.65264
2.32941
3.70457
0.430459
0.830875
0.98355
0.835807
0.66684
0.737879
0.725849
0.834375
2.61643
0.259315
3.1053
0.345595
1.90975
3.80298
2.98939
0.61483
0.612751
0.830675
1.29364
0.960262
0.532029
0.839287
0.921976
0.764918
2.63711
0.358545
2.12833
0.451684
1.84425
0.478841
0.526155
2.7275
0.573152
0.641487
0.837481
0.557484
0.698502
0.725837
0.847517
1.47639
0.799607
0.812297
0.600964
0.751083
8.45275
3.60476
0.588225
0.279671
1.42558
0.95101
2.55503
2.11354
0.660708
0.850329
0.571121
2.41062
0.618308
0.741227
0.258735
0.522236
2.75757
0.6627
0.808387
1.14335
4.82694
2.84476
0.587699
4.66629
0.8923
0.489324
0.528011
0.59264
0.688066
0.478275
2.82494
0.902893
0.389853
2.60475
0.908925
0.915305
0.602777
0.613561
0.775234
0.582697
0.482945
0.971451
0.687896
2.16424
0.115037
0.310881
0.762396
0.358823
0.409738
1.05221
2.71149
0.510187
0.317488
2.9183
0.888002
0.899709
0.495621
3.68367
0.737234
0.365606
0.460968
1.15681
1.64405
0.772121
0.97311
7.91515
0.811965
0.319465
1.85856
0.743766
5.55351
2.93969
4.41403
1.70964
0.877743
1.30297
0.598429
0.338495
0.783211
0.316311
0.67758
0.163995
2.1001
1.64413
1.18053
0.594272
0.347985
0.8971
1.6122
2.56348
0.722005
0.516391
0.693911
0.764097
2.44099
0.36519
0.701984
0.540639
0.557018
0.582042
0.663068
1.15493
0.782807
0.154577
1.81559
0.7382
0.700366
0.364119
0.727613
4.00439
5.83642
0.634653
1.11008
7.3093
0.586777
0.508099
0.553893
1.31279
0.352149
1.38389
0.75583
0.282343
1.75563
0.570449
1.9311
1.41255
1.12623
1.53368
0.761243
0.914917
0.63377
0.662381
0.703981
0.132679
1.20108
2.22923
0.847719
0.639869
1.88543
0.632669
0.610918
2.54456
0.989941
0.54138
0.567209
2.04526
1.77903
0.671121
0.968123
0.61414
0.98766
2.52674
0.444676
2.482
2.39048
1.09255
0.441889
0.895301
2.93005
0.558207
0.685193
0.671916
0.734802
0.581437
